0.802326
0.805458
0.795494
0.797535
0.791776
0.778066
0.804464
0.78223
0.802536
0.779736
0.807002
0.798951
0.811321
0.814143
0.7642
0.803714
0.794508
0.799821
0.830727
0.800702
0.807557
0.803571
0.8
0.801609
0.808549
0.797203
0.794376
0.816456
0.819569
0.798748
0.796848
0.817106
0.810592
0.789753
0.813237
0.816547
0.810786
0.797535
0.786644
0.812667
0.782343
0.827648
0.800721
0.804618
0.799468
0.777098
0.798436
0.800901
0.805704
0.797012
0.793961
0.787142
0.792672
0.810909
0.792857
0.801971
0.797672
0.784574
0.802502
0.798025
0.792
0.770318
0.806566
0.787825
0.798034
0.795353
0.803904
0.806566
0.79667
0.807797
0.776623
0.802336
0.799472
0.800178
0.808704
0.799645
0.798725
0.794826
0.791189
0.800715
0.811982
0.795575
0.817368
0.800176
0.807692
0.807829
0.809566
0.78376
0.791958
0.797297
0.805333
0.809947
0.802491
0.8
0.786842
0.790636
0.81233
0.797321
0.788496
0.806625
0.796444
0.793934
0.807348
0.785088
0.79425
0.799103
0.812223
0.782953
0.796167
0.776551
0.800709
0.821461
0.802469
0.795455
0.803163
0.795556
0.810081
0.791482
0.802667
0.79628
0.814387
0.795374
0.792952
0.801601
0.788732
0.805286
0.798937
0.79115
0.796834
0.781222
0.813127
0.781609
0.793286
0.805077
0.7979
0.811372
0.804577
0.801762
0.796972
0.807282
0.794144
0.802893
0.803832
0.800346
0.804042
0.80198
0.797025
0.790677
0.790265
0.805455
0.789104
0.783854
0.800709
0.783111
0.792079
0.81233
0.805556
0.794533
0.796099
0.793286
0.788091
0.814714
0.789849
0.814747
0.811504
0.789707
0.791923
0.793961
0.798198
0.822202
0.794803
0.784722
0.801645
0.793196
0.813636
0.791557
0.801259
0.79982
0.80507
0.801412
0.801418
0.80292
0.800178
0.793403
0.812727
0.822773
0.799822
0.810185
0.810376
0.810517
0.797683
0.804425
0.80362
0.801388
0.80181
0.802525
0.799645
0.80694
0.806364
0.790718
0.811828
0.808625
0.804618
0.811754
0.790901
0.799468
0.792651
0.790956
0.799644
0.799821
0.797321
0.797051
0.806222
0.789849
0.790435
0.806306
0.779896
0.796296
0.814982
0.812839
0.795009
0.795148
0.786784
0.793833
0.812278
0.795812
0.816606
0.801786
0.804813
0.806187
0.798068
0.782533
0.806452
0.786287
0.794674
0.810714
0.817291
0.807143
0.800352
0.806132
0.779528
0.800353
0.808219
0.801406
0.796959
0.79098
0.808453
0.813285
0.805137
0.800178
0.803747
0.806798
0.805506
0.78712
0.777293
0.813285
0.799647
0.818344
0.796999
0.787102
0.793679
0.805834
0.802315
0.812169
0.808758
0.799099
0.799283
0.827996
0.789104
0.81149
0.798415
0.794144
0.807624
0.78503
0.788745
0.814414
0.800885
0.794964
0.799296
0.796345
0.81016
0.810545
0.784722
0.811659
0.785839
0.819266
0.793886
0.802315
0.805957
0.809651
0.791266
0.819178
0.804114
0.796167
0.80163
0.800715
0.801237
0.81233
0.801438
0.803411
0.799639
0.78952
0.807658
0.809955
0.785525
0.795191
0.80213
0.81
0.804309
0.782187
0.804408
0.811151
0.805357
0.788062
0.820882
0.804152
0.811201
0.799107
0.779412
0.796313
0.806685
0.820677
0.805278
0.80213
0.79858
0.799645
0.80303
0.79946
0.809395
0.806708
0.802315
0.810688
0.78952
0.809222
0.804309
0.809865
0.799468
0.792683
0.806077
0.77701
0.790135
0.814079
0.79661
0.78416
0.813051
0.793497
0.793497
0.796099
0.79476
0.803885
0.805606
0.803351
0.804659
0.798401
0.79947
0.789938
0.795414
0.80322
0.782459
0.796986
0.795255
0.803235
0.800539
0.790821
0.809865
0.799286
0.791406
0.801253
0.789753
0.795374
0.788097
0.793164
0.798422
0.797345
0.788308
0.820628
0.806828
0.812274
0.796684
0.794425
0.798094
0.809269
0.787402
0.805606
0.79823
0.802139
0.791815
0.817854
0.805254
0.808969
0.784091
0.780382
0.793623
0.795614
0.795575
0.80212
0.778272
0.798034
0.803587
0.791958
0.793345
0.806708
0.798561
0.815765
0.79628
0.804233
0.803206
0.783595
0.808758
0.805834
0.795353
0.788462
0.805009
0.793165
0.803493
0.789931
0.8
0.814208
0.804856
0.8
0.783854
0.797853
0.802691
0.791958
0.800178
0.794849
0.798561
0.773345
0.79806
0.820814
0.807273
0.759099
0.794425
0.777682
0.801242
0.797535
0.797333
0.821855
0.791522
0.803044
0.803044
0.819343
0.803396
0.802139
0.805333
0.81267
0.804856
0.808958
0.792174
0.797166
0.78628
0.8117
0.793013
0.794425
0.807762
0.797321
0.803815
0.787905
0.80373
0.814442
0.806746
0.793679
0.808207
0.792105
0.807143
0.786213
0.805861
0.812386
0.782533
0.789199
0.799645
0.801061
0.797535
0.822222
0.792062
0.818349
0.809356
0.803351
0.809778
0.796263
0.80378
0.79583
0.810981
0.797693
0.800709
0.804723
0.804834
0.799477
0.806366
0.81233
0.818264
0.795009
0.798932
0.793778
0.801431
0.803206
0.797309
0.797025
0.809019
0.797403
0.815287
0.797863
0.810545
0.80914
0.805581
0.795882
0.788632
0.80292
0.785276
0.808072
0.813891
0.781929
0.814581
0.8
0.799115
0.804659
0.804899
0.782496
0.806971
0.796099
0.796806
0.815385
0.799465
0.805206
0.798051
0.818344
0.807829
0.78125
0.806625
0.80593
0.795845
0.790123
0.785276
0.787435
0.820255
0.784843
0.793722
0.786026
0.780423
0.800357
0.814143
0.799824
0.795633
0.807692
0.809228
0.79661
0.803556
0.802326
0.797713
0.795756
0.788308
0.812215
0.804214
0.80605
0.802703
0.815013
0.821494
0.795718
0.792793
0.806364
0.804405
0.803058
0.808889
0.820235
0.799111
0.801231
0.792952
0.785838
0.780069
0.80905
0.80303
0.81
0.791482
0.795148
0.780725
0.810173
0.797672
0.795374
0.797703
0.783569
0.789658
0.805657
0.802111
0.788512
0.794014
0.803427
0.786087
0.791667
0.807864
0.781416
0.818834
0.805286
0.806481
0.80108
0.809739
0.813059
0.784574
0.791228
0.803887
0.826888
0.811935
0.812667
0.794604
0.835052
0.798555
0.794459
0.768831
0.79806
0.809009
0.806278
0.798261
0.811607
0.81149
0.79929
0.806195
0.79682
0.791058
0.779514
0.786585
0.798436
0.797115
0.816143
0.807797
0.791123
0.78729
0.794737
0.801786
0.792832
0.782343
0.814286
0.80018
0.804745
0.798222
0.796024
0.800905
0.815622
0.823367
0.801265
0.81653
0.811372
0.80213
0.798077
0.816801
0.816697
0.814815
0.794221
0.788958
0.800889
0.793582
0.81016
0.801616
0.784364
0.796196
0.816744
0.807797
0.814442
0.788879
0.809567
0.804309
0.790799
0.812165
0.783784
0.798587
0.797012
0.808719
0.794508
0.819178
0.789474
0.793316
0.796247
0.801237
0.782646
0.797215
0.806655
0.806859
0.783902
0.807339
0.80752
0.802667
0.77883
0.792321
0.792321
0.806566
0.816787
0.798928
0.795435
0.796029
0.7897
0.805679
0.802149
0.791189
0.798401
0.78326
0.798253
0.80724
0.805286
0.79344
0.803085
0.813237
0.801971
0.803017
0.816163
0.794301
0.790718
0.785714
0.807864
0.802855
0.79928
0.797513
0.823476
0.79913
0.801231
0.80108
0.814682
0.799641
0.791851
0.781818
0.801253
0.80299
0.794459
0.801425
0.787852
0.806023
0.80654
0.785777
0.803058
0.789565
0.80303
0.815534
0.778068
0.803044
0.77138
0.792801
0.805704
0.78306
0.798928
0.790252
0.806216
0.793694
0.793526
0.77993
0.821755
0.791258
0.819703
0.802347
0.794595
0.819927
0.807797
0.815455
0.789707
0.801594
0.803411
0.801075
0.811556
0.801754
0.794939
0.803815
0.785271
0.810667
0.791958
0.786988
0.79877
0.799817
0.805581
0.797524
0.789194
0.821168
0.802285
0.804464
0.813514
0.80107
0.804598
0.824275
0.787029
0.798956
0.796861
0.803336
0.808415
0.789381
0.799822
0.80429
0.792403
0.783523
0.784549
0.826958
0.791335
0.781003
0.793913
0.782759
0.799475
0.792586
0.786596
0.793913
0.808219
0.807727
0.80543
0.798942
0.794434
0.814016
0.788646
0.78257
0.801786
0.786213
0.808415
0.8
0.803044
0.790594
0.811081
0.795455
0.819927
0.78559
0.791812
0.802491
0.800718
0.814057
0.822018
0.808318
0.791161
0.812892
0.787556
0.811828
0.796791
0.807175
0.811659
0.803366
0.789842
0.806104
0.796117
0.797672
0.797672
0.80177
0.805183
0.804813
0.79748
0.804078
0.792889
0.789707
0.796296
0.80108
0.786988
0.789286
0.780834
0.765411
0.813118
0.796522
0.80429
0.793497
0.800897
0.794376
0.805286
0.797345
0.786842
0.792335
0.800177
0.815149
0.796011
0.776014
0.802525
0.78081
0.794508
0.810498
0.811439
0.801609
0.804425
0.784722
0.787326
0.801438
0.80605
0.812332
0.790113
0.806746
0.802655
0.787102
0.80212
0.792683
0.804252
0.804328
0.78877
0.809566
0.800897
0.797693
0.812777
0.808036
0.796476
0.788646
0.798401
0.787346
0.805531
0.794351
0.801616
0.785962
0.808625
0.796595
0.813849
0.79615
0.81205
0.790925
0.81205
0.801425
0.793679
0.823797
0.786213
0.816143
0.796117
0.814617
0.79667
0.807692
0.790821
0.787234
0.789381
0.804309
0.809654
0.795756
0.800885
0.787456
0.799107
0.815188
0.801047
0.811201
0.802295
0.782493
0.803235
0.772767
0.805183
0.790167
0.802855
0.810545
0.813975
0.783091
0.794065
0.808758
0.798077
0.798937
0.816102
0.793286
0.798077
0.80303
0.813167
0.800718
0.795556
0.814414
0.787271
0.801259
0.773038
0.797203
0.793194
0.797853
0.818344
0.801594
0.797546
0.806537
0.784909
0.79664
0.806132
0.791266
0.809903
0.793623
0.808171
0.803458
0.815157
0.790925
0.803381
0.789711
0.782459
0.811423
0.802667
0.802855
0.791923
0.805479
0.772807
0.788732
0.783478
0.799642
0.796625
0.795595
0.80961
0.801945
0.798268
0.813237
0.805781
0.826244
0.793805
0.80107
0.810714
0.800177
0.797368
0.792502
0.793805
0.805009
0.788143
0.798436
0.811712
0.801794
0.796791
0.811647
0.785965
0.804921
0.80362
0.797567
0.791449
0.789842
0.798401
0.791923
0.808219
0.816399
0.803264
0.801066
0.794533
0.795918
0.800718
0.786771
0.810883
0.805877
0.775773
0.798932
0.825848
0.801425
0.793651
0.806655
0.78628
0.805606
0.801412
0.796945
0.794894
0.820976
0.816143
0.793637
0.791778
0.805115
0.813453
0.808281
0.8125
0.801601
0.811594
0.789333
0.80868
0.804252
0.791005
0.79469
0.816345
0.795756
0.785527
0.799463
0.781659
0.785527
0.78603
0.791519
0.8
0.798946
0.806922
0.801418
0.79207
0.792683
0.787381
0.801242
0.795075
0.803887
0.795993
0.813514
0.786784
0.778846
0.800889
0.817029
0.77226
0.79823
0.816102
0.813681
0.80752
0.8
0.795213
0.792335
0.80303
0.763853
0.788225
0.811321
0.815315
0.792287
0.801573
0.806569
0.781195
0.796413
0.80248
0.817273
0.80427
0.798043
0.801587
0.793988
0.805631
0.81064
0.801594
0.788732
0.814312
0.800712
0.786458
0.811775
0.822523
0.801061
0.80427
0.786458
0.810298
0.79806
0.793508
0.799463
0.804252
0.808837
0.795213
0.79806
0.808453
0.804444
0.797546
0.802347
0.790821
0.788696
0.814143
0.793073
0.806971
0.805357
0.785467
0.811101
0.798043
0.802139
0.807448
0.77226
0.817439
0.811201
0.808036
0.800885
0.801242
0.783595
0.798238
0.804024
0.789427
0.793934
0.798775
0.806423
0.808399
0.796718
0.793316
0.811131
0.824449
0.814183
0.815577
0.819091
0.785778
0.80315
0.796117
0.798791
0.792469
0.784843
0.793043
0.79658
0.79877
0.806335
0.825137
0.775563
0.799107
0.803697
0.799647
0.816697
0.800901
0.811101
0.804943
0.799644
0.7959
0.790901
0.809353
0.806394
0.812956
0.801954
0.805903
0.804114
0.810173
0.794987
0.80417
0.79615
0.809395
0.803697
0.798759
0.79682
0.800542
0.815577
0.810883
0.814143
0.80303
0.794066
0.799465
0.789982
0.79965
0.772767
0.817761
0.796313
0.810081
0.815217
0.786713
0.81086
0.808394
0.807487
0.798401
0.789242
0.801963
0.817017
0.786092
0.787773
0.779825
0.790759
0.800175
0.795009
0.806909
0.798068
0.808341
0.802667
0.802906
0.797203
0.786771
0.799824
0.796491
0.808378
0.807033
0.806768
0.793566
0.800877
0.802817
0.774476
0.786585
0.804598
0.80991
0.822142
0.791179
0.813975
0.796099
0.792651
0.80905
0.806655
0.810762
0.810662
0.827047
0.79682
0.801431
0.773666
0.793778
0.783737
0.800532
0.809356
0.81211
0.818767
0.783993
0.819419
0.811996
0.81233
0.79404
0.811647
0.795918
0.808072
0.793103
0.818681
0.810046
0.798401
0.800525
0.804965
0.804834
0.799293
0.795191
0.790535
0.808664
0.789565
0.799463
0.817439
0.796861
0.807207
0.816327
0.803587
0.782419
0.799825
0.790026
0.787086
0.779541
0.800877
0.800534
0.806159
0.803058
0.824226
0.805333
0.806798
0.787852
0.813869
0.783666
0.805679
0.796134
0.79664
0.796763
0.803044
0.808378
0.808664
0.764249
0.814286
0.821494
0.801242
0.805357
0.805183
0.806104
0.79823
0.784071
0.799477
0.798222
0.801248
0.788173
0.812215
0.805531
0.814647
0.817431
0.801451
0.802458
0.795353
0.781818
0.799823
0.800355
0.804813
0.812444
0.815647
0.794376
0.811594
0.799099
0.797891
0.77308
0.803556
0.805755
0.787905
0.828887
0.804386
0.804878
0.818428
0.788245
0.814488
0.79078
0.80625
0.80192
0.784483
0.795009
0.794667
0.811723
0.808378
0.808378
0.794533
0.796986
0.803681
0.795863
0.805877
0.801237
0.80373
0.815287
0.807965
0.809181
0.811723
0.79823
0.801052
0.808415
0.819178
0.820841
0.794376
0.794714
0.794643
0.786655
0.785467
0.80694
0.793135
0.801418
0.8051
0.820909
0.807864
0.782877
0.819508
0.807864
0.802502
0.788732
0.810836
0.786842
0.790901
0.814442
0.80725
0.813177
0.79344
0.805903
0.79214
0.818761
0.789658
0.810954
0.804899
0.784788
0.804598
0.806335
0.809181
0.792174
0.804484
0.785153
0.786655
0.815647
0.783576
0.793886
0.79404
0.825455
0.794425
0.775107
0.776997
0.814016
0.79714
0.800534
0.810266
0.815907
0.813806
0.816889
0.81064
0.795255
0.812785
0.799823
0.819255
0.796296
0.78836
0.816697
0.79599
0.799115
0.808877
0.791342
0.799302
0.792715
0.793469
0.815577
0.824176
0.789056
0.815287
0.815217
0.793706
0.802139
0.812667
0.806216
0.796945
0.797535
0.805825
0.809778
0.800355
0.789703
0.792715
0.796429
0.797333
0.805957
0.802469
0.78836
0.805918
0.794964
0.79946
0.794667
0.805781
0.802655
0.804348
0.82461
0.790925
0.800539
0.787029
0.802469
0.799465
0.803017
0.796763
0.82765
0.799642
0.817538
0.785839
0.791304
0.793934
0.788411
0.793256
0.791189
0.800877
0.788732
0.805326
0.814815
0.810376
0.776541
0.802829
0.792321
0.816216
0.794849
0.802149
0.790295
0.801237
0.805077
0.802295
0.816364
0.813743
0.8
0.8
0.80036
0.79375
0.768836
0.802315
0.788859
0.803366
0.786527
0.813636
0.814143
0.783406
0.803939
0.802715
0.812219
0.80018
0.798408
0.797321
0.807554
0.79806
0.818512
0.785896
0.792553
0.804464
0.784588
0.802168
0.795936
0.795139
0.78152
0.793134
0.804813
0.795845
0.807623
0.775174
0.788918
0.81106
0.791964
0.796889
0.808007
0.79714
0.78503
0.796507
0.804233
0.804749
0.78169
0.811252
0.800363
0.813499
0.801762
0.805183
0.79928
0.788308
0.785652
0.787958
0.778855
0.785211
0.809654
0.79583
0.805996
0.798617
0.78603
0.815525
0.808797
0.787798
0.79682
0.787456
0.809567
0.808837
0.798611
0.787102
0.784262
0.781387
0.805531
0.791373
0.789194
0.815884
0.77988
0.805755
0.801601
0.791847
0.802347
0.792705
0.801609
0.813636
0.799823
0.806878
0.796047
0.812388
0.812388
0.805679
0.790677
0.825137
0.807762
0.782686
0.80406
0.793286
0.807002
0.800353
0.787326
0.79098
0.792354
0.778653
0.804856
0.787029
0.809091
0.810252
0.81267
0.799095
0.794376
0.797535
0.79163
0.790799
0.799458
0.814233
0.792619
0.791928
0.800357
0.793679
0.801945
0.801794
0.7869
0.798206
0.79163
0.810498
0.798051
0.808244
0.798928
0.802867
0.81629
0.804425
0.792801
0.787533
0.788831
0.79469
0.799647
0.816102
0.803235
0.799293
0.804834
0.804965
0.783784
0.790493
0.793316
0.808704
0.796625
0.784965
0.801623
0.809821
0.795414
0.804348
0.817593
0.810688
0.812219
0.798043
0.810906
0.811321
0.81211
0.799639
0.816876
0.815813
0.799111
0.804133
0.800353
0.788831
0.793961
0.813575
0.796134
0.81205
0.813681
0.782272
0.813285
0.794737
0.788256
0.794533
0.797703
0.789567
0.801406
0.788276
0.8125
0.78169
0.799821
0.788143
0.807033
0.818934
0.799645
0.797357
0.803763
0.80759
0.801963
0.802502
0.796507
0.808436
0.80373
0.791449
0.807797
0.795812
0.81736
0.792105
0.805031
0.80373
0.789333
0.801963
0.802536
0.792335
0.805957
0.812724
0.791084
0.798401
0.786467
0.801237
0.780105
0.790759
0.805556
0.776809
0.79485
0.792254
0.788918
0.805606
0.81295
0.79929
0.806798
0.799293
0.791847
0.784452
0.820467
0.808341
0.796507
0.798394
0.793043
0.791297
0.797166
0.817857
0.80303
0.806625
0.804196
0.794872
0.79929
0.795936
0.794714
0.813358
0.816621
0.791594
0.808491
0.784788
0.828125
0.814982
0.800178
0.809222
0.795918
0.800881
0.813059
0.791667
0.785527
0.801786
0.811408
0.798222
0.8
0.806423
0.799286
0.793403
0.800178
0.80523
0.794066
0.811989
0.806828
0.784091
0.803396
0.801802
0.776541
0.793165
0.803177
0.803004
0.804309
0.782187
0.805092
0.812165
0.796986
0.808969
0.796213
0.797872
0.78836
0.820841
0.793196
0.815439
0.78836
0.810298
0.807487
0.813499
0.797178
0.80516
0.810206
0.80274
0.779438
0.813869
0.81216
0.79661
0.810835
0.795614
0.815299
0.828518
0.794987
0.808587
0.79714
0.809567
0.803044
0.776158
0.801259
0.795575
0.80248
0.819245
0.790351
0.808704
0.798043
0.805482
0.809147
0.798415
0.781708
0.803427
0.789382
0.792419
0.803714
0.811337
0.793196
0.795972
0.800699
0.80429
0.79021
0.806104
0.781277
0.795516
0.803571
0.8
0.792769
0.7875
0.802655
0.797368
0.792651
0.808743
0.790493
0.804639
0.792219
0.805903
0.8
0.7979
0.806625
0.809695
0.801609
0.804749
0.814782
0.79469
0.791594
0.784643
0.792857
0.790265
0.8213
0.804545
0.802357
0.81761
0.81505
0.795053
0.802149
0.801438
0.807143
0.802867
0.816092
0.808378
0.803442
0.807971
0.820419
0.796247
0.798253
0.818016
0.816621
0.804987
0.791887
0.788276
0.786726
0.808063
0.779777
0.811475
0.80406
0.805405
0.79806
0.809353
0.814612
0.797153
0.798214
0.801786
0.801739
0.815081
0.800889
0.789798
0.790123
0.808704
0.793013
0.795148
0.803922
0.793469
0.795918
0.801609
0.796875
0.794557
0.809269
0.798731
0.800179
0.797872
0.794065
0.77892
0.814079
0.795148
0.800525
0.808969
0.795863
0.804133
0.780786
0.800174
0.803509
0.817291
0.773601
0.808318
0.800178
0.783523
0.799472
0.812219
0.799644
0.79748
0.790553
0.80885
0.791071
0.79214
0.794667
0.81505
0.813743
0.807727
0.792894
0.797166
0.776327
0.808491
0.790535
0.811607
0.812844
0.791297
0.813274
0.803604
0.803396
0.831025
0.820397
0.79404
0.820348
0.795652
0.810081
0.792651
0.79163
0.797345
0.788632
0.806625
0.796834
0.788546
0.801786
0.805556
0.803556
0.819687
0.80322
0.793988
0.796959
0.788958
0.798748
0.813345
0.788114
0.797333
0.817439
0.79252
0.823367
0.800358
0.796834
0.801425
0.795374
0.806625
0.777875
0.808378
0.796413
0.810811
0.810173
0.803191
0.818592
0.790698
0.791554
0.79896
0.807381
0.783091
0.812215
0.812555
0.787618
0.797723
0.800893
0.812335
0.801047
0.786348
0.810392
0.818266
0.799286
0.801412
0.777682
0.810981
0.843663
0.786644
0.784416
0.780576
0.79877
0.805206
0.809865
0.804328
0.80288
0.791486
0.80516
0.791887
0.807002
0.785022
0.795435
0.805031
0.79714
0.802357
0.80108
0.798394
0.781995
0.798408
0.794221
0.789564
0.792889
0.800537
0.798387
0.783143
0.820163
0.787719
0.799823
0.828804
0.807554
0.807762
0.794195
0.796444
0.799645
0.804233
0.76766
0.78801
0.808453
0.792436
0.808587
0.810959
0.793073
0.791958
0.795009
0.795575
0.804598
0.807899
0.814917
0.80651
0.811182
0.795756
0.78877
0.81122
0.79664
0.806394
0.827617
0.81746
0.818347
0.800712
0.788696
0.805851
0.791917
0.808378
0.794803
0.808145
0.79425
0.822018
0.808453
0.800537
0.810737
0.79115
0.799645
0.791019
0.78877
0.798942
0.778547
0.790803
0.80752
0.824226
0.7844
0.79292
0.787422
0.811828
0.792863
0.788869
0.815044
0.772329
0.808108
0.79823
0.796848
0.777778
0.818018
0.792185
0.820677
0.805679
0.789242
0.807935
0.786207
0.80373
0.792219
0.802469
0.789982
0.812886
0.800534
0.793651
0.800178
0.806452
0.787719
0.791373
0.816863
0.79877
0.822491
0.816399
0.801431
0.816345
0.79664
0.813109
0.81295
0.795614
0.797535
0.800527
0.786517
0.813118
0.784297
0.795031
0.813453
0.808244
0.791703
0.799115
0.803191
0.80303
0.780679
0.795374
0.811321
0.807935
0.813345
0.798748
0.791045
0.786758
0.796444
0.788194
0.803366
0.800699
0.799824
0.79417
0.791923
0.809651
0.792715
0.813076
0.804598
0.804152
0.80593
0.806655
0.793015
0.802691
0.796167
0.79375
0.799819
0.803571
0.770723
0.782798
0.79292
0.793778
0.805381
0.816364
0.78106
0.808929
0.794917
0.794326
0.800709
0.807727
0.79664
0.788646
0.794872
0.775669
0.801802
0.806655
0.793411
0.795575
0.788512
0.780258
0.810517
0.81653
0.810081
0.793778
0.805054
0.801451
0.79252
0.818515
0.793164
0.805631
0.810469
0.812268
0.812781
0.78185
0.787798
0.809695
0.79051
0.789015
0.796959
0.800728
0.808244
0.802285
0.797357
0.798928
0.802469
0.792287
0.819168
0.801587
0.820018
0.784297
0.786771
0.782187
0.789474
0.820442
0.792453
0.791373
0.799647
0.802829
0.80961
0.785527
0.797012
0.780572
0.804834
0.798736
0.79714
0.802315
0.801237
0.783972
0.800705
0.803017
0.802829
0.807588
0.795213
0.8181
0.806508
0.802092
0.793103
0.813725
0.793623
0.790123
0.785103
0.814915
0.797588
0.796296
0.805984
0.779221
0.804425
0.807381
0.801056
0.804856
0.785968
0.793566
0.793286
0.795737
0.800539
0.793196
0.806222
0.794533
0.797166
0.802491
0.810835
0.815672
0.787045
0.807797
0.816927
0.804368
0.807795
0.798034
0.812839
0.810392
0.81016
0.796117
0.789982
0.819013
0.796522
0.795148
0.797101
0.777489
0.802326
0.81694
0.816102
0.790113
0.830712
0.809439
0.81162
0.798593
0.781897
0.79858
0.800901
0.8
0.810883
0.827116
0.795053
0.787326
0.795234
0.807829
0.802326
0.800718
0.797557
0.79823
0.806971
0.798198
0.805302
0.794275
0.787215
0.81769
0.797368
0.808704
0.799111
0.81653
0.812611
0.794326
0.800702
0.820814
0.801276
0.804813
0.814682
0.774417
0.808549
0.810252
0.813285
0.786408
0.795863
0.807795
0.793833
0.803763
0.796777
0.8
0.806595
0.788782
0.794737
0.809903
0.812556
0.796806
0.796491
0.800893
0.796986
0.799647
0.813016
0.810858
0.797872
0.808877
0.79615
0.799465
0.809437
0.802158
0.793226
0.801406
0.808929
0.806481
0.781142
0.800718
0.790113
0.793988
0.814016
0.794014
0.783595
0.801464
0.795374
0.801406
0.79929
0.796972
0.8
0.790718
0.817694
0.822773
0.806537
0.784091
0.812332
0.797824
0.784247
0.811647
0.793988
0.790493
0.823422
0.792335
0.798206
0.790941
0.789842
0.804484
0.797468
0.791964
0.793134
0.824818
0.809019
0.82
0.795575
0.787346
0.809739
0.804078
0.801954
0.814183
0.797345
0.803427
0.818512
0.784297
0.780894
0.808587
0.814167
0.800177
0.790965
0.805556
0.79252
0.793381
0.794376
0.7869
0.807273
0.802326
0.816514
0.788328
0.810422
0.79947
0.795096
0.799822
0.799823
0.791449
0.811439
0.800715
0.770435
0.815385
0.793073
0.811201
0.80107
0.805031
0.788039
0.789379
0.795191
0.80108
0.786972
0.781942
0.801425
0.799475
0.799283
0.801587
0.807487
0.787798
0.79344
0.790677
0.788632
0.81448
0.808399
0.797891
0.802679
0.810392
0.801601
0.796296
0.794803
0.787346
0.807935
0.785146
0.792403
0.792683
0.810545
0.793706
0.794376
0.807588
0.81086
0.809859
0.80303
0.796777
0.786726
0.807623
0.784788
0.798946
0.793886
0.819332
0.802667
0.788646
0.808704
0.799293
0.797153
0.807899
0.798214
0.826047
0.794533
0.776419
0.80573
0.808917
0.780834
0.808587
0.80516
0.81117
0.80198
0.805631
0.775214
0.791667
0.809524
0.778172
0.792219
0.794917
0.80793
0.816345
0.811671
0.788927
0.803957
0.796444
0.780087
0.826126
0.812388
0.784656
0.78388
0.809567
0.80406
0.812219
0.802139
0.7959
0.796247
0.816102
0.784062
0.796444
0.808743
0.802855
0.797703
0.819091
0.779359
0.778769
0.786771
0.798222
0.79163
0.78169
0.801444
0.79982
0.790636
0.798764
0.776809
0.801242
0.806187
0.795536
0.783951
0.824561
0.803636
0.792619
0.778746
0.803747
0.791557
0.824864
0.791851
0.78257
0.795075
0.811475
0.800179
0.794014
0.801075
0.804834
0.785088
0.785527
0.783595
0.808318
0.807864
0.810498
0.787719
0.789703
0.786738
0.813067
0.806798
0.799115
0.822888
0.819419
0.801623
0.798587
0.803427
0.804444
0.79386
0.801075
0.80362
0.796429
0.800712
0.791096
0.793805
0.79008
0.819836
0.801594
0.797368
0.806187
0.802727
0.803177
0.806685
0.802357
0.804444
0.794351
0.803571
0.793256
0.778547
0.796834
0.792035
0.793833
0.789658
0.816876
0.808304
0.809821
0.790901
0.802158
0.787906
0.81794
0.799296
0.790821
0.81295
0.79763
0.805009
0.805581
0.797321
0.794737
0.808877
0.802149
0.816773
0.80853
0.803017
0.777778
0.782723
0.79738
0.793537
0.804096
0.809181
0.811388
0.803904
0.783666
0.795096
0.788782
0.794849
0.813226
0.799111
0.822523
0.798951
0.781995
0.801739
0.800352
0.80212
0.799111
0.797115
0.802092
0.789289
0.789104
0.798932
0.807175
0.780123
0.807348
0.815813
0.808877
0.811881
0.806104
0.782837
0.800179
0.801794
0.807588
0.78769
0.814079
0.803904
0.796806
0.815247
0.805092
0.804659
0.797178
0.785527
0.803922
0.79517
0.790636
0.797863
0.795234
0.808356
0.814581
0.791228
0.791667
0.794144
0.779825
0.807018
0.797297
0.791199
0.79163
0.792952
0.783595
0.808625
0.798753
0.782986
0.79375
0.815149
0.796861
0.795595
0.806715
0.806278
0.813953
0.802691
0.810737
0.811372
0.801248
0.790965
0.7979
0.794065
0.812386
0.797153
0.79517
0.80406
0.808257
0.797723
0.815081
0.775952
0.802149
0.8
0.79174
0.799649
0.794849
0.810909
0.814714
0.805755
0.80914
0.798923
0.806537
0.805851
0.803571
0.784483
0.781469
0.79417
0.78628
0.81761
0.805781
0.815813
0.805206
0.801963
0.794917
0.802855
0.800527
0.793961
0.79163
0.815149
0.797321
0.808356
0.786784
0.815018
0.780859
0.792801
0.801794
0.789333
0.799299
0.797357
0.801937
0.783217
0.803975
0.795353
0.801242
0.816197
0.78534
0.815247
0.801762
0.814286
0.791031
0.814079
0.794964
0.833486
0.808917
0.78634
0.807795
0.790393
0.811423
0.804096
0.813604
0.790861
0.812335
0.799824
0.806685
0.825252
0.784348
0.802842
0.803071
0.803473
0.789974
0.802817
0.80885
0.79664
0.800181
0.802817
0.796861
0.796986
0.797391
0.803587
0.796376
0.790451
0.793722
0.783434
0.801075
0.8
0.80107
0.814882
0.80573
0.808007
0.798764
0.79517
0.796777
0.805031
0.80427
0.799468
0.794195
0.788151
0.819746
0.801794
0.793134
0.78087
0.798206
0.786644
0.787879
0.793961
0.798932
0.797357
0.809991
0.813575
0.783069
0.80523
0.799822
0.797882
0.797524
0.793778
0.796806
0.801431
0.779232
0.79115
0.799296
0.80991
0.788782
0.796972
0.810469
0.820054
0.811081
0.809955
0.795595
0.7875
0.80378
0.81435
0.803381
0.801237
0.812165
0.799465
0.818182
0.801937
0.81211
0.797051
0.800893
0.791851
0.789565
0.793961
0.806768
0.803747
0.787798
0.808929
0.800177
0.792035
0.806077
0.801802
0.785652
0.784
0.8049
0.797357
0.815081
0.798568
0.792028
0.799299
0.817599
0.787611
0.806195
0.811785
0.807282
0.803264
0.805206
0.782609
0.797321
0.783069
0.802867
0.789381
0.79331
0.799822
0.826127
0.794872
0.783924
0.821138
0.80373
0.819432
0.803458
0.805357
0.778261
0.794224
0.820276
0.8
0.777875
0.790553
0.80468
0.817937
0.801253
0.819091
0.784229
0.80853
0.793886
0.810422
0.790409
0.80018
0.792487
0.803904
0.781331
0.792105
0.793734
0.806132
0.802139
0.787346
0.797723
0.800357
0.802111
0.804386
0.782723
0.822262
0.800877
0.80406
0.808415
0.803571
0.80558
0.790265
0.801786
0.786957
0.806738
0.802347
0.803832
0.815813
0.80378
0.814782
0.781139
0.787124
0.784777
0.794092
0.803797
0.816143
0.802632
0.799103
0.808171
0.80288
0.788276
0.81127
0.811101
0.812839
0.787326
0.791815
0.775563
0.781802
0.802842
0.809524
0.782152
0.786092
0.800523
0.794014
0.80299
0.79344
0.801609
0.804791
0.828996
0.794014
0.783666
0.797872
0.787773
0.792335
0.818182
0.815813
0.78534
0.79682
0.779487
0.79965
0.799123
0.791005
0.800534
0.777487
0.805278
0.797703
0.805357
0.807899
0.808877
0.806222
0.800179
0.803697
0.804007
0.780977
0.800358
0.789245
0.816102
0.791304
0.801937
0.800712
0.809609
0.802727
0.810329
0.78731
0.806077
0.790493
0.801587
0.79292
0.801259
0.79928
0.801587
0.798068
0.810219
0.813016
0.805704
0.804965
0.798775
0.810811
0.782571
0.824386
0.804464
0.792737
0.799823
0.78628
0.789238
0.804878
0.809955
0.810115
0.809739
0.798214
0.800179
0.783434
0.806909
0.785589
0.8181
0.794425
0.783069
0.789104
0.789887
0.797651
0.79858
0.792586
0.813393
0.794557
0.789104
0.792619
0.803411
0.782837
0.804096
0.784698
0.799465
0.789245
0.813636
0.805984
0.811252
0.79947
0.808318
0.802315
0.791335
0.818347
0.80914
0.802691
0.809947
0.80725
0.797853
0.799099
0.788879
0.810376
0.78712
0.809311
0.792619
0.793651
0.79947
0.804042
0.80299
0.801248
0.800705
0.80198
0.798198
0.801431
0.8125
0.798753
0.795737
0.804618
0.806738
0.799641
0.792619
0.796595
0.786713
0.785404
0.812219
0.804368
0.794376
0.78628
0.781116
0.787719
0.793497
0.801444
0.810298
0.794714
0.806859
0.800718
0.814815
0.797546
0.793651
0.802368
0.805137
0.805631
0.791519
0.796777
0.803763
0.813575
0.786152
0.782419
0.78223
0.800715
0.795863
0.797309
0.782986
0.778731
0.798422
0.798253
0.794872
0.79623
0.799099
0.791887
0.810762
0.795009
0.789474
0.8
0.794961
0.803887
0.798568
0.803904
0.819643
0.814617
0.790901
0.808378
0.814748
0.8
0.81359
0.810036
0.788225
0.784843
0.789292
0.799111
0.801412
0.808433
0.806655
0.804464
0.804965
0.810714
0.790965
0.804834
0.798358
0.792801
0.781195
0.799115
0.80036
0.793013
0.798568
0.817029
0.81777
0.801762
0.793374
0.796889
0.788378
0.797918
0.793594
0.800174
0.798599
0.803747
0.806768
0.793778
0.810835
0.790393
0.798753
0.812223
0.813285
0.80905
0.806338
0.804348
0.776708
0.781411
0.813453
0.778261
0.806859
0.819746
0.795213
0.80625
0.794604
0.80036
0.797863
0.804749
0.797863
0.791703
0.797345
0.797215
0.791045
0.809739
0.819332
0.805877
0.791887
0.788276
0.789242
0.79929
0.80158
0.797567
0.787271
0.800177
0.789427
0.806187
0.799468
0.811594
0.782609
0.805851
0.808072
0.799641
0.802315
0.791486
0.804987
0.805834
0.800539
0.798937
0.813932
0.804921
0.799647
0.787511
0.796931
0.791554
0.800881
0.794401
0.791887
0.814815
0.801066
0.782609
0.809821
0.822993
0.785281
0.792219
0.797872
0.804444
0.792715
0.809649
0.813177
0.78106
0.792672
0.796834
0.805009
0.806828
0.820583
0.80378
0.786152
0.804484
0.804233
0.804309
0.781028
0.805137
0.786399
0.810762
0.798742
0.804834
0.797863
0.802315
0.802842
0.821101
0.791592
0.809132
0.820513
0.796099
0.795031
0.797115
0.798034
0.809609
0.803004
0.80212
0.779347
0.796806
0.784832
0.801237
0.792832
0.803571
0.799821
0.815596
0.799824
0.782337
0.802842
0.816438
0.803322
0.81127
0.795954
0.801971
0.789982
0.79344
0.792705
0.797357
0.785404
0.812274
0.808625
0.822018
0.806104
0.803571
0.804598
0.802867
0.802502
0.811996
0.813059
0.787798
0.795633
0.778855
0.790799
0.820467
0.815813
0.8058
0.79404
0.801438
0.807829
0.814748
0.810392
0.81768
0.785088
0.800355
0.804114
0.815647
0.798253
0.791594
0.794066
0.781549
0.789842
0.796134
0.789753
0.792219
0.810193
0.79929
0.800527
0.810714
0.813406
0.810469
0.783854
0.796134
0.794917
0.782877
0.818847
0.80362
0.80107
0.81086
0.80427
0.797368
0.788582
0.80248
0.816236
0.791189
0.797357
0.795374
0.791815
0.790323
0.800909
0.777188
0.800897
0.806828
0.795075
0.803366
0.796413
0.794066
0.819158
0.822682
0.786842
0.802703
0.782307
0.773087
0.813953
0.809315
0.80107
0.807864
0.79929
0.794894
0.808304
0.792705
0.800885
0.809481
0.795276
0.819255
0.786929
0.821131
0.79806
0.795374
0.814414
0.804328
0.814576
0.80742
0.806909
0.787933
0.803142
0.811996
0.801431
0.794092
0.811881
0.788831
0.790718
0.77969
0.808378
0.79658
0.805458
0.789056
0.802655
0.809099
0.797166
0.791519
0.800718
0.81982
0.788967
0.808664
0.788296
0.786467
0.778257
0.798025
0.772806
0.799107
0.814516
0.81932
0.791557
0.800178
0.815188
0.778163
0.812443
0.798214
0.787852
0.812335
0.799642
0.796791
0.80373
0.787326
0.792889
0.79207
0.798222
0.80708
0.795118
0.784854
0.789333
0.821558
0.820327
0.806537
0.801047
0.812731
0.789338
0.794333
0.802667
0.819013
0.801095
0.787159
0.80516
0.797309
0.804943
0.771105
0.797524
0.808958
0.774536
0.779322
0.796476
0.799123
0.808415
0.807692
0.805357
0.801061
0.7854
0.801425
0.810981
0.807315
0.801066
0.800355
0.806077
0.80177
0.800532
0.802149
0.786458
0.802158
0.790451
0.812727
0.785095
0.793934
0.801573
0.775652
0.793961
0.80213
0.817185
0.806222
0.799465
0.789474
0.825207
0.794195
0.791266
0.813932
0.805531
0.796345
0.793594
0.809181
0.788039
0.79615
0.8
0.797333
0.79628
0.806708
0.789753
0.802168
0.795053
0.795126
0.821396
0.809437
0.80177
0.79947
0.80853
0.815693
0.803235
0.800718
0.796777
0.782493
0.800355
0.803509
0.798742
0.801242
0.806685
0.800527
0.793805
0.823209
0.795234
0.788596
0.815934
0.802149
0.814545
0.799463
0.808743
0.800712
0.784211
0.808295
0.793913
0.802315
0.788143
0.786758
0.79714
0.801265
0.791297
0.785965
0.795756
0.791373
0.783434
0.785714
0.800358
0.813995
0.807554
0.79947
0.802149
0.814183
0.785336
0.777003
0.788308
0.790451
0.777202
0.800532
0.814038
0.806195
0.795255
0.803044
0.81768
0.794351
0.814647
0.788958
0.803235
0.790476
0.774221
0.807899
0.778929
0.793164
0.797502
0.813467
0.797683
0.789146
0.798759
0.796763
0.784468
0.792982
0.801418
0.780105
0.789245
0.791373
0.806971
0.796345
0.793381
0.785841
0.795031
0.783069
0.801971
0.814647
0.805903
0.7959
0.792801
0.815577
0.81064
0.791453
0.794195
0.792619
0.785095
0.786842
0.794425
0.787326
0.793321
0.798555
0.819355
0.820559
0.801237
0.79927
0.813067
0.803427
0.805654
0.792105
0.80213
0.801587
0.811372
0.804348
0.808491
0.815884
0.809739
0.804566
0.781609
0.812785
0.793623
0.800721
0.796247
0.809437
0.787852
0.791851
0.806167
0.794351
0.801265
0.791266
0.803191
0.785901
0.799645
0.818515
0.801061
0.818433
0.811943
0.820799
0.79638
0.79623
0.804505
0.813467
0.803473
0.819657
0.803763
0.794384
0.783595
0.821429
0.793164
0.800178
0.798206
0.792436
0.812444
0.804425
0.801762
0.799639
0.788393
0.828545
0.790925
0.790535
0.802643
0.792832
0.796476
0.789613
0.793988
0.810835
0.79823
0.806195
0.820772
0.792369
0.789519
0.78339
0.80177
0.793805
0.803411
0.793134
0.804659
0.806104
0.788411
0.804598
0.782912
0.788308
0.789901
0.821685
0.820276
0.797513
0.809397
0.794195
0.796064
0.793286
0.790308
0.791449
0.801056
0.79877
0.8
0.777589
0.793961
0.807524
0.791887
0.795296
0.808929
0.820235
0.810662
0.791005
0.797333
0.788918
0.803351
0.808704
0.826642
0.792174
0.807588
0.792453
0.794826
0.810545
0.799644
0.786885
0.790265
0.801963
0.791373
0.795756
0.793103
0.779617
0.792369
0.789707
0.808
0.799647
0.808207
0.810545
0.801945
0.78836
0.802295
0.801609
0.803458
0.809222
0.796296
0.812044
0.799123
0.797115
0.787665
0.804133
0.792619
0.80212
0.806452
0.810422
0.787086
0.797683
0.807315
0.803366
0.788611
0.807516
0.80558
0.798408
0.796986
0.792737
0.803017
0.81295
0.792
0.79566
0.794737
0.808145
0.828959
0.783737
0.791519
0.777198
0.818266
0.808608
0.81777
0.80651
0.805755
0.786771
0.794917
0.795414
0.817766
0.809695
0.797513
0.801431
0.810252
0.809778
0.815836
0.788328
0.791266
0.792403
0.801075
0.787326
0.818926
0.788496
0.795118
0.779335
0.791031
0.785527
0.798923
0.804096
0.797703
0.802139
0.794275
0.797713
0.807207
0.810592
0.812388
0.77383
0.811927
0.799472
0.821005
0.807175
0.788276
0.809695
0.800889
0.798928
0.787989
0.77644
0.807829
0.817685
0.809481
0.809311
0.787456
0.803004
0.813891
0.801237
0.813806
0.795075
0.793164
0.817264
0.79078
0.803556
0.817117
0.796444
0.795536
0.811439
0.801971
0.782456
0.795435
0.810127
0.788512
0.800174
0.80053
0.80108
0.802842
0.795213
0.808134
0.795455
0.800361
0.793164
0.782609
0.799123
0.81205
0.7959
0.790759
0.802703
0.797166
0.806595
0.812044
0.804133
0.81505
0.801061
0.799111
0.823584
0.808415
0.803058
0.806655
0.818509
0.786828
0.786828
0.803939
0.788328
0.809228
0.78223
0.788308
0.814016
0.794326
0.785271
0.799644
0.792105
0.801242
0.780087
0.804252
0.807727
0.807658
0.782723
0.789097
0.810762
0.775021
0.78729
0.798394
0.806077
0.795213
0.799283
0.82049
0.80573
0.80288
0.789056
0.812963
0.775132
0.813975
0.808491
0.809181
0.81127
0.788918
0.806625
0.798753
0.791411
0.778846
0.800357
0.800712
0.806452
0.78836
0.815552
0.792715
0.802139
0.79858
0.800699
0.816197
0.793403
0.806625
0.802691
0.80053
0.801418
0.79982
0.80429
0.783133
0.795337
0.818512
0.799463
0.802139
0.803556
0.788091
0.787665
0.809395
0.803004
0.806859
0.777585
0.802525
0.815978
0.80793
0.791189
0.802703
0.795918
0.790476
0.800179
0.792672
0.780617
0.796625
0.801412
0.806278
0.794326
0.829493
0.784
0.781609
0.780763
0.816787
0.775669
0.805357
0.777114
0.79738
0.801653
0.794326
0.802655
0.790821
0.800881
0.817512
0.803747
0.790965
0.818347
0.800881
0.806132
0.817106
0.791923
0.805755
0.803351
0.796429
0.797178
0.808318
0.802178
0.78204
0.805357
0.823956
0.790636
0.812724
0.8
0.804464
0.80694
0.802643
0.815718
0.799123
0.798408
0.801998
0.804525
0.805206
0.816421
0.795812
0.780362
0.819266
0.784468
0.805286
0.781739
0.797166
0.811131
0.798946
0.797502
0.810565
0.799283
0.809567
0.792196
0.817446
0.798238
0.787367
0.8049
0.818761
0.797285
0.797115
0.798246
0.786842
0.799652
0.795213
0.786842
0.807348
0.796834
0.793833
0.80948
0.784452
0.801066
0.786585
0.781416
0.822004
0.789151
0.801226
0.800718
0.795536
0.811943
0.815315
0.817352
0.782986
0.785714
0.781929
0.784279
0.772052
0.819005
0.806077
0.796313
0.801075
0.781305
0.792715
0.788782
0.784062
0.820091
0.79965
0.785153
0.787634
0.803604
0.785653
0.793316
0.80213
0.813059
0.801954
0.79982
0.795255
0.800712
0.793651
0.806655
0.782265
0.79115
0.813237
0.797683
0.811996
0.767361
0.798422
0.807797
0.793508
0.815622
0.806366
0.798365
0.821101
0.811003
0.812044
0.788039
0.791258
0.786213
0.81761
0.804444
0.79215
0.804987
0.795191
0.793469
0.809132
0.788967
0.806452
0.793651
0.809695
0.812165
0.788496
0.805077
0.798206
0.802829
0.80322
0.797345
0.802491
0.815482
0.795394
0.796429
0.805506
0.799824
0.813453
0.792335
0.798387
0.798753
0.795737
0.818841
0.800355
0.791851
0.806278
0.800721
0.810883
0.797333
0.791005
0.791592
0.810036
0.775669
0.802906
0.81064
0.781865
0.803114
0.796064
0.79947
0.79615
0.808587
0.786957
0.795435
0.813008
0.793886
0.790179
0.807033
0.79174
0.782074
0.791776
0.804921
0.793226
0.791851
0.805278
0.797524
0.804587
0.799127
0.797882
0.80378
0.816251
0.786655
0.804464
0.804405
0.788039
0.794987
0.806481
0.802368
0.808145
0.829535
0.794326
0.794275
0.789427
0.786273
0.792952
0.797115
0.79615
0.797651
0.803604
0.80322
0.803249
0.816927
0.804464
0.791917
0.790901
0.807273
0.807381
0.780296
0.777875
0.808917
0.793013
0.796834
0.807692
0.81044
0.79469
0.784297
0.808072
0.807033
0.795775
0.810329
0.813743
0.806338
0.813285
0.796263
0.806452
0.804856
0.787744
0.80724
0.80427
0.799823
0.806167
0.796296
0.79748
0.797683
0.828111
0.79823
0.794484
0.799299
0.794401
0.825383
0.799817
0.806394
0.784535
0.794275
0.799825
0.801418
0.814982
0.803099
0.810206
0.812892
0.805286
0.80108
0.793316
0.796986
0.7869
0.787252
0.807829
0.802867
0.801425
0.793706
0.799463
0.786477
0.795936
0.795718
0.783069
0.801594
0.791045
0.774417
0.805506
0.791964
0.801276
0.772052
0.799296
0.791449
0.791815
0.79558
0.818016
0.789798
0.799823
0.810565
0.782946
0.797844
0.798937
0.795595
0.785962
0.798238
0.804598
0.793988
0.81267
0.799637
0.804618
0.785088
0.789056
0.789798
0.808182
0.80036
0.793226
0.786219
0.804309
0.801963
0.80108
0.800525
0.789982
0.809567
0.790155
0.785525
0.805984
0.791887
0.801425
0.817204
0.791923
0.80543
0.812956
0.790393
0.817847
0.798736
0.820841
0.803763
0.827397
0.785839
0.801601
0.795575
0.819495
0.793043
0.79346
0.797524
0.796931
0.813393
0.820444
0.789048
0.780702
0.79646
0.80516
0.811935
0.774829
0.818018
0.795536
0.824125
0.819508
0.780679
0.784021
0.800709
0.807657
0.789056
0.803993
0.799642
0.8
0.809264
0.796047
0.792469
0.810811
0.792035
0.808362
0.819495
0.795353
0.799824
0.796444
0.807829
0.802703
0.80651
0.81412
0.809955
0.79386
0.794595
0.809872
0.813725
0.808145
0.786585
0.809783
0.77969
0.79252
0.789382
0.800357
0.792769
0.797191
0.793478
0.799286
0.821622
0.796777
0.799123
0.788393
0.791812
0.804899
0.799819
0.812388
0.790295
0.779438
0.782051
0.805556
0.800358
0.799286
0.805877
0.812892
0.780739
0.825092
0.801265
0.79098
0.803975
0.817937
0.79215
0.79163
0.802336
0.787252
0.787045
0.80373
0.791335
0.792185
0.808491
0.794557
0.806132
0.798548
0.788173
0.793103
0.790265
0.796213
0.804042
0.809524
0.809009
0.817932
0.799119
0.806452
0.794533
0.794917
0.826484
0.801794
0.795096
0.800176
0.802295
0.793256
0.807692
0.800901
0.788909
0.817761
0.797368
0.767182
0.7854
0.814982
0.814167
0.784777
0.786957
0.805183
0.793403
0.786082
0.785589
0.803587
0.812556
0.79174
0.801259
0.798593
0.784643
0.808207
0.797297
0.804078
0.797882
0.79517
0.801056
0.797651
0.802679
0.798422
0.824771
0.81629
0.789974
0.798742
0.807315
0.791031
0.790941
0.798587
0.80322
0.80885
0.792321
0.788068
0.793623
0.800699
0.800532
0.811754
0.785404
0.804923
0.811101
0.796655
0.78872
0.794014
0.774306
0.77913
0.79929
0.791189
0.797872
0.792403
0.79599
0.8
0.809091
0.798593
0.784574
0.796429
0.79174
0.803939
0.819168
0.809041
0.794557
0.809481
0.792469
0.803177
0.790036
0.803017
0.800715
0.80354
0.793988
0.804484
0.804813
0.803587
0.785844
0.810252
0.791005
0.804309
0.809481
0.794604
0.808036
0.790861
0.796117
0.792801
0.785039
0.80991
0.814545
0.810545
0.80373
0.787029
0.790435
0.791219
0.794557
0.806595
0.801231
0.798937
0.785103
0.811321
0.791958
0.807273
0.790222
0.803191
0.81295
0.811775
0.79207
0.804518
0.785527
0.794939
0.79021
0.80427
0.793833
0.80516
0.80213
0.801786
0.783101
0.803939
0.806738
0.78169
0.793778
0.804834
0.789427
0.805263
0.793011
0.821494
0.825571
0.781865
0.796999
0.793135
0.789104
0.774476
0.808036
0.801794
0.80107
0.799821
0.784229
0.799286
0.772269
0.77912
0.813995
0.777482
0.795556
0.806187
0.803442
0.807623
0.808
0.791406
0.801954
0.766957
0.802867
0.792185
0.814016
0.817117
0.805077
0.821033
0.809609
0.798937
0.803922
0.800353
0.803351
0.802643
0.802667
0.805009
0.814038
0.803427
0.805137
0.796959
0.789613
0.788462
0.802448
0.819746
0.804484
0.809609
0.803939
0.784314
0.803524
0.802111
0.805381
0.780679
0.787719
0.825441
0.786213
0.810219
0.80248
0.801248
0.783406
0.801066
0.793497
0.79806
0.799115
0.787798
0.823956
0.798246
0.79021
0.780488
0.786842
0.800885
0.811321
0.808036
0.786219
0.816071
0.794326
0.815179
0.810219
0.791482
0.79661
0.782837
0.819332
0.808281
0.791519
0.804252
0.77617
0.782118
0.798222
0.789289
0.786713
0.792174
0.81233
0.802491
0.793103
0.803381
0.809566
0.811989
0.809524
0.803396
0.79344
0.79615
0.799645
0.792369
0.791411
0.793497
0.800718
0.791778
0.813109
0.825023
0.804133
0.790336
0.777207
0.809349
0.803832
0.797703
0.803571
0.793651
0.785217
0.781897
0.806104
0.794459
0.80198
0.792639
0.799296
0.800715
0.786486
0.808207
0.806132
0.823689
0.789849
0.800178
0.798214
0.798408
0.811201
0.795435
0.788967
0.804096
0.811818
0.803904
0.787271
0.786713
0.808837
0.799819
0.785271
0.807381
0.795756
0.793194
0.816123
0.821755
0.795882
0.792105
0.796444
0.792737
0.801237
0.818671
0.80158
0.802326
0.794667
0.795699
0.804708
0.812777
0.78836
0.808889
0.793103
0.803235
0.8125
0.797672
0.792639
0.801937
0.782419
0.807935
0.807065
0.791928
0.807658
0.77988
0.795353
0.814516
0.818013
0.805834
0.791847
0.802667
0.803747
0.80468
0.813725
0.798246
0.779451
0.783993
0.816863
0.816547
0.79947
0.79174
0.796834
0.789336
0.807557
0.808877
0.797891
0.786537
0.772109
0.814414
0.82198
0.811101
0.784788
0.790925
0.799822
0.788831
0.808811
0.792335
0.811252
0.798401
0.80429
0.800178
0.787958
0.809865
0.79664
0.810469
0.793103
0.794557
0.814451
0.787045
0.792487
0.798415
0.793345
0.792948
0.823422
0.813575
0.803587
0.786914
0.816364
0.798214
0.778261
0.802357
0.786026
0.812724
0.805254
0.805851
0.76819
0.810835
0.809099
0.797863
0.821168
0.808491
0.805556
0.798387
0.793316
0.816197
0.792586
0.787641
0.794459
0.795595
0.78836
0.805381
0.808
0.783027
0.789289
0.813059
0.809181
0.78326
0.784042
0.793961
0.813226
0.80303
0.795793
0.802336
0.794667
0.788014
0.798748
0.794533
0.786332
0.819521
0.801802
0.789658
0.812443
0.803922
0.805877
0.798568
0.80354
0.804444
0.765743
0.790451
0.795053
0.778846
0.791887
0.818515
0.781416
0.81982
0.79469
0.801248
0.798043
0.790677
0.812777
0.789613
0.792705
0.80853
0.790308
0.79214
0.808917
0.777489
0.799824
0.795234
0.802491
0.804813
0.797227
0.795775
0.780362
0.804425
0.795595
0.779913
0.795276
0.780702
0.791594
0.80387
0.802347
0.814714
0.796791
0.795213
0.806971
0.781995
0.804943
0.795495
0.807111
0.791812
0.79877
0.800181
0.804309
0.79425
0.798568
0.821461
0.8
0.797345
0.797203
0.801066
0.797345
0.798214
0.799283
0.805263
0.80961
0.808569
0.792715
0.796117
0.818016
0.798034
0.795225
0.788596
0.824449
0.800709
0.789151
0.793594
0.782152
0.791449
0.802305
0.806278
0.791084
0.823905
0.8
0.804577
0.801248
0.799822
0.793134
0.792105
0.796099
0.79174
0.810345
0.807143
0.806746
0.815118
0.8
0.801231
0.78628
0.792453
0.783831
0.807588
0.81605
0.803191
0.810592
0.780702
0.797203
0.807726
0.78952
0.795863
0.814057
0.802491
0.806828
0.813514
0.768028
0.813806
0.806222
0.797557
0.798214
0.814016
0.798951
0.80593
0.793961
0.797166
0.794826
0.803235
0.779387
0.79386
0.814377
0.771379
0.792105
0.794484
0.775406
0.804078
0.794805
0.801061
0.79214
0.797025
0.790435
0.797535
0.801601
0.796834
0.787511
0.808837
0.802285
0.805683
0.804598
0.810026
0.80212
0.79646
0.784468
0.801061
0.805531
0.815385
0.788696
0.795435
0.773768
0.820255
0.796213
0.791411
0.780488
0.799296
0.795793
0.798942
0.797166
0.809783
0.793651
0.803697
0.804791
0.80523
0.794533
0.803396
0.819583
0.807282
0.796507
0.805825
0.81359
0.79928
0.784602
0.797166
0.808207
0.806306
0.785527
0.77972
0.804791
0.78087
0.793256
0.807315
0.802655
0.817446
0.801248
0.7875
0.801786
0.796507
0.791964
0.820305
0.804096
0.821043
0.807864
0.811475
0.795191
0.790617
0.79599
0.793134
0.804425
0.802158
0.784588
0.793778
0.808394
0.800715
0.792502
0.817431
0.825806
0.803411
0.813787
0.817525
0.79174
0.792889
0.808758
0.809264
0.808889
0.791189
0.782609
0.81233
0.804598
0.804024
0.795595
0.807143
0.791406
0.790576
0.794092
0.786842
0.804484
0.802168
0.79008
0.804834
0.815482
0.786399
0.783027
0.787029
0.812727
0.795556
0.802491
0.797535
0.819583
0.787422
0.807727
0.793103
0.804987
0.809019
0.802315
0.816143
0.806167
0.800881
0.803411
0.834249
0.789798
0.815934
0.79115
0.787086
0.81704
0.798422
0.809222
0.789567
0.783784
0.793852
0.808134
0.808415
0.790026
0.797491
0.791045
0.788782
0.80177
0.794326
0.801786
0.806569
0.798759
0.812335
0.788632
0.79375
0.80158
0.803653
0.80516
0.814782
0.795255
0.801047
0.792287
0.798748
0.792062
0.808171
0.79823
0.791411
0.798923
0.821072
0.800534
0.797333
0.800718
0.796777
0.786815
0.803381
0.791228
0.808929
0.798593
0.799286
0.794449
0.806393
0.793351
0.77138
0.796247
0.793164
0.796491
0.803206
0.79163
0.781387
0.803714
0.789242
0.798214
0.804309
0.799458
0.799463
0.813067
0.766012
0.808877
0.811765
0.760239
0.79714
0.801248
0.80248
0.801425
0.801075
0.793833
0.811101
0.807487
0.782493
0.81216
0.806452
0.796806
0.777391
0.801802
0.792925
0.793694
0.795775
0.782195
0.774443
0.80299
0.786087
0.782872
0.826484
0.781304
0.809353
0.816547
0.796429
0.809181
0.779514
0.804618
0.798051
0.793934
0.788782
0.827047
0.789292
0.807414
0.814414
0.791482
0.796429
0.782496
0.797178
0.80914
0.794296
0.791444
0.795793
0.796491
0.795053
0.795031
0.80905
0.820204
0.787478
0.820949
0.802305
0.804348
0.804987
0.787533
0.800889
0.802855
0.77635
0.80776
0.791258
0.804214
0.808341
0.807002
0.811439
0.804618
0.810545
0.818676
0.78877
0.799824
0.82965
0.806132
0.816876
0.785281
0.802491
0.813059
0.81495
0.790308
0.79615
0.815718
0.811024
0.802829
0.798085
0.795775
0.802667
0.800353
0.803587
0.803396
0.795234
0.82743
0.797468
0.800178
0.796875
0.810173
0.797713
0.797703
0.809353
0.795516
0.786585
0.818182
0.793134
0.775758
0.782723
0.802703
0.803571
0.79682
0.793706
0.788646
0.818018
0.787665
0.813167
0.800182
0.794604
0.797178
0.812844
0.809009
0.815247
0.813528
0.804791
0.794557
0.806798
0.815978
0.807554
0.789842
0.801237
0.795009
0.799823
0.801431
0.775937
0.812781
0.807048
0.795213
0.797535
0.803206
0.781304
0.788869
0.79215
0.786527
0.806922
0.779039
0.778364
0.801971
0.788143
0.803556
0.800358
0.797524
0.797882
0.79806
0.802305
0.801963
0.794508
0.809692
0.800178
0.811321
0.777489
0.816382
0.799465
0.804987
0.792737
0.809059
0.788582
0.794091
0.807448
0.813995
0.789568
0.782979
0.79636
0.808281
0.805606
0.807864
0.816787
0.793833
0.782912
0.792035
0.806738
0.795812
0.80593
0.79714
0.815315
0.795756
0.789007
0.784229
0.816456
0.776623
0.822004
0.810692
0.79806
0.811818
0.784091
0.773552
0.795614
0.820125
0.798951
0.812781
0.820677
0.795296
0.811031
0.81505
0.799119
0.800877
0.800363
0.815861
0.796655
0.811594
0.826642
0.797703
0.809181
0.806132
0.812274
0.806244
0.80354
0.806625
0.805531
0.805381
0.791964
0.786856
0.80468
0.809865
0.800361
0.806971
0.805434
0.800718
0.805679
0.824497
0.79806
0.7689
0.808453
0.803191
0.795031
0.795255
0.785336
0.802168
0.785336
0.81205
0.802188
0.807658
0.814581
0.791887
0.806595
0.813226
0.813514
0.788967
0.794118
0.81605
0.786914
0.824513
0.815907
0.795053
0.810883
0.819091
0.788732
0.809481
0.782152
0.810081
0.805009
0.801438
0.797297
0.809865
0.792335
0.81505
0.798394
0.794425
0.791005
0.786399
0.792535
0.788546
0.807381
0.802655
0.799119
0.792287
0.804348
0.786655
0.804209
0.796117
0.797863
0.809783
0.803524
0.816123
0.799111
0.800175
0.79965
0.785714
0.776419
0.8049
0.788918
0.803099
0.793103
0.776042
0.787587
0.810762
0.816652
0.788869
0.784668
0.814612
0.799644
0.790026
0.793722
0.8186
0.80373
0.803939
0.791045
0.788444
0.80654
0.814377
0.809181
0.790198
0.797357
0.802525
0.795474
0.786087
0.803763
0.797191
0.788646
0.804133
0.793073
0.798401
0.826728
0.806798
0.810498
0.799299
0.79823
0.808171
0.795595
0.789427
0.765306
0.792769
0.808877
0.819255
0.793286
0.808341
0.804444
0.789242
0.797153
0.80181
0.800179
0.803904
0.80991
0.800537
0.812444
0.809524
0.803396
0.794987
0.807143
0.793194
0.798753
0.799283
0.810714
0.791482
0.78877
0.794301
0.817518
0.797535
0.794627
0.80429
0.790657
0.816759
0.771529
0.826251
0.788782
0.788732
0.799647
0.813426
0.795009
0.804659
0.816123
0.80605
0.802691
0.796999
0.817935
0.804209
0.80377
0.81233
0.827712
0.812165
0.781995
0.820235
0.806859
0.795495
0.795954
0.805903
0.797368
0.805877
0.806738
0.801425
0.807143
0.806655
0.797683
0.805704
0.814612
0.808072
0.81295
0.805531
0.791667
0.789565
0.817185
0.8
0.812839
0.786701
0.80158
0.790739
0.801425
0.790036
0.801998
0.809695
0.814682
0.797513
0.818756
0.796595
0.80605
0.794221
0.802139
0.786726
0.802149
0.803351
0.813109
0.81
0.790965
0.794401
0.807097
0.777485
0.775281
0.788496
0.790925
0.804348
0.807762
0.784111
0.795435
0.804856
0.810883
0.78185
0.79636
0.818099
0.804444
0.79658
0.789615
0.80516
0.799111
0.804309
0.810252
0.795699
0.791887
0.81478
0.814079
0.79174
0.804505
0.788194
0.800353
0.805183
0.821461
0.793194
0.804834
0.805054
0.822142
0.788782
0.80429
0.79252
0.796806
0.801061
0.803071
0.808783
0.791444
0.779705
0.79661
0.791373
0.789474
0.792254
0.805031
0.809821
0.820144
0.797557
0.802829
0.798775
0.814882
0.77635
0.805115
0.790308
0.816364
0.8191
0.80654
0.805556
0.811935
0.787744
0.808969
0.789894
0.806394
0.804618
0.780258
0.778639
0.800179
0.792952
0.794557
0.796986
0.796684
0.795213
0.811765
0.808182
0.790698
0.80018
0.815217
0.797025
0.805851
0.793537
0.795575
0.804525
0.810498
0.80127
0.808797
0.78777
0.808587
0.805556
0.785839
0.799468
0.787159
0.791411
0.799822
0.805009
0.798387
0.797703
0.79646
0.803763
0.810592
0.824497
0.793833
0.79292
0.801253
0.791812
0.806077
0.808511
0.811439
0.805506
0.8
0.808549
0.800893
0.783951
0.787826
0.8117
0.80035
0.796444
0.792254
0.807273
0.787456
0.806738
0.819746
0.808134
0.792769
0.807935
0.785088
0.78603
0.794894
0.801786
0.785211
0.800178
0.807658
0.815978
0.781865
0.802178
0.799107
0.798246
0.809437
0.788444
0.795191
0.795595
0.808072
0.802655
0.790636
0.802867
0.79646
0.817185
0.808758
0.794826
0.831767
0.780551
0.795918
0.809436
0.786784
0.794065
0.80429
0.791815
0.785841
0.793411
0.810592
0.800355
0.80198
0.801786
0.792619
0.812834
0.802906
0.816029
0.801616
0.799123
0.785714
0.793554
0.779762
0.795918
0.793286
0.805679
0.783641
0.802168
0.814651
0.795718
0.780894
0.793679
0.781445
0.802491
0.808797
0.806394
0.79819
0.796064
0.787045
0.798748
0.794014
0.799644
0.80468
0.80593
0.773345
0.798025
0.800355
0.804309
0.818834
0.786726
0.788782
0.793196
0.803427
0.794275
0.796099
0.784788
0.777496
0.788444
0.78534
0.79007
0.80885
0.797672
0.822993
0.795353
0.812721
0.799468
0.811765
0.80373
0.821656
0.811252
0.801418
0.786596
0.80868
0.789381
0.809091
0.806278
0.799823
0.810517
0.808453
0.798206
0.801998
0.798764
0.8
0.793316
0.80477
0.790265
0.790295
0.793043
0.800534
0.787086
0.800175
0.796986
0.802667
0.803571
0.804598
0.800885
0.804987
0.80274
0.821656
0.791031
0.782986
0.811935
0.797191
0.802632
0.792035
0.796861
0.782423
0.808036
0.794627
0.773779
0.80303
0.805531
0.793497
0.81769
0.789842
0.806077
0.819746
0.80468
0.80905
0.802295
0.806625
0.809181
0.807864
0.810376
0.800532
0.815672
0.802326
0.78144
0.811607
0.812727
0.797872
0.801616
0.806566
0.819521
0.802525
0.790861
0.792436
0.803587
0.795614
0.800542
0.803681
0.808182
0.80516
0.79252
0.801061
0.798043
0.809099
0.810252
0.820054
0.797882
0.800357
0.830727
0.797227
0.788958
0.808244
0.796806
0.806953
0.806423
0.809778
0.782118
0.774783
0.803587
0.786092
0.796999
0.799641
0.804639
0.780679
0.811423
0.810787
0.808969
0.813514
0.797321
0.816382
0.817935
0.818756
0.798034
0.797153
0.809439
0.798561
0.790265
0.790252
0.797321
0.791887
0.805654
0.792419
0.788967
0.806132
0.798764
0.792105
0.792115
0.803366
0.798222
0.778646
0.8
0.807111
0.787579
0.795812
0.79623
0.79628
0.797166
0.807273
0.788276
0.781387
0.80516
0.790036
0.809651
0.799115
0.80573
0.791993
0.796476
0.807487
0.801412
0.786087
0.793345
0.802315
0.802655
0.819266
0.810406
0.803887
0.794667
0.824399
0.807623
0.799283
0.785775
0.79008
0.803885
0.802326
0.796476
0.794221
0.78559
0.797557
0.798775
0.797693
0.790636
0.807624
0.808549
0.804878
0.814103
0.799822
0.806599
0.809651
0.796429
0.811182
0.79476
0.802643
0.793103
0.823956
0.799642
0.785464
0.781139
0.784468
0.803235
0.79386
0.797703
0.808415
0.787958
0.782533
0.804702
0.789194
0.823098
0.798753
0.808625
0.793778
0.804114
0.788512
0.792115
0.809099
0.802491
0.808511
0.809181
0.80752
0.7795
0.806364
0.800179
0.801963
0.800178
0.800355
0.79207
0.79947
0.800537
0.786022
0.803177
0.806595
0.808267
0.787346
0.786828
0.809059
0.802149
0.785776
0.785714
0.811927
0.792208
0.794092
0.803714
0.799286
0.805482
0.815149
0.81117
0.804878
0.800182
0.801438
0.825
0.791519
0.794737
0.800534
0.804834
0.803017
0.810517
0.791373
0.802679
0.806655
0.788091
0.795394
0.789199
0.794092
0.804856
0.8014
0.800534
0.782383
0.812274
0.819021
0.796263
0.796522
0.80694
0.797345
0.792469
0.79714
0.807273
0.812724
0.813995
0.793316
0.806423
0.793316
0.810592
0.794065
0.800357
0.797723
0.779029
0.785088
0.807727
0.785965
0.794939
0.797203
0.798932
0.811031
0.801601
0.801945
0.803587
0.804484
0.806023
0.808688
0.798937
0.79163
0.782258
0.815813
0.816176
0.789938
0.809567
0.809181
0.801601
0.794376
0.794737
0.797178
0.802326
0.792769
0.808453
0.800353
0.801963
0.818761
0.796806
0.791851
0.803763
0.817774
0.80248
0.796625
0.799273
0.78603
0.791297
0.793497
0.802336
0.792832
0.79929
0.795575
0.774055
0.787905
0.804729
0.791993
0.815247
0.789842
0.804598
0.79714
0.798928
0.802139
0.80053
0.80292
0.808929
0.798736
0.790821
0.809311
0.807111
0.803058
0.79404
0.803681
0.812839
0.790351
0.80362
0.788708
0.801594
0.786213
0.820348
0.795793
0.807175
0.812388
0.783877
0.798932
0.80378
0.78471
0.808244
0.803763
0.806715
0.791139
0.801587
0.803747
0.7979
0.779322
0.791519
0.80991
0.786467
0.801066
0.787533
0.803993
0.809567
0.80468
0.776145
0.804659
0.802867
0.800353
0.804943
0.786972
0.804367
0.799824
0.825528
0.801609
0.802326
0.794849
0.802347
0.801945
0.808797
0.816102
0.796429
0.80248
0.788173
0.804608
0.791189
0.795756
0.798068
0.786026
0.786957
0.78836
0.801963
0.797191
0.799091
0.79806
0.798051
0.803975
0.7959
0.816773
0.806828
0.804987
0.814581
0.820559
0.806104
0.791776
0.786467
0.792801
0.788967
0.795374
0.827712
0.78223
0.812444
0.779514
0.816123
0.79008
0.789007
0.807348
0.782647
0.798415
0.763605
0.803904
0.785527
0.802805
0.809821
0.801237
0.812781
0.821656
0.822362
0.802149
0.807965
0.805124
0.778746
0.808511
0.809174
0.815385
0.804328
0.801259
0.799468
0.789104
0.803427
0.795276
0.801963
0.785653
0.799823
0.799095
0.806423
0.79115
0.78559
0.797357
0.817694
0.804729
0.799456
0.803442
0.805054
0.808917
0.812388
0.801061
0.790698
0.812724
0.795614
0.797918
0.809567
0.808072
0.797215
0.810252
0.796595
0.797297
0.795882
0.794643
0.811388
0.803307
0.805381
0.818926
0.79024
0.787456
0.810376
0.802667
0.805834
0.794714
0.800353
0.818428
0.797115
0.799283
0.796296
0.830586
0.788173
0.813439
0.782994
0.797662
0.788958
0.790123
0.794066
0.799645
0.801242
0.804096
0.793223
0.796099
0.795793
0.816621
0.79928
0.80477
0.801237
0.798422
0.792105
0.816143
0.774221
0.800353
0.804505
0.793134
0.79469
0.789336
0.78125
0.787958
0.802893
0.824373
0.821043
0.792952
0.794425
0.800709
0.819168
0.793554
0.803904
0.799302
0.803957
0.81769
0.782272
0.791594
0.8
0.770619
0.801253
0.807482
0.81216
0.808
0.801052
0.799472
0.819432
0.835945
0.782647
0.792715
0.8125
0.80429
0.790901
0.792952
0.810545
0.807797
0.808171
0.800885
0.800358
0.810498
0.78503
0.808295
0.803206
0.808318
0.801587
0.787533
0.785217
0.803249
0.807692
0.792035
0.794066
0.80354
0.789015
0.795191
0.794557
0.799293
0.795414
0.789336
0.78223
0.8
0.789063
0.801237
0.813406
0.797535
0.799115
0.802285
0.795234
0.777489
0.812897
0.780834
0.807273
0.793934
0.777198
0.804639
0.796834
0.815718
0.79928
0.802842
0.772569
0.795053
0.791667
0.795972
0.787102
0.812332
0.810452
0.809692
0.78853
0.80354
0.782723
0.797333
0.799293
0.81505
0.792354
0.799283
0.813358
0.793961
0.807899
0.787665
0.796329
0.791482
0.773276
0.798574
0.795652
0.806306
0.787773
0.808072
0.789931
0.797321
0.794326
0.788546
0.789428
0.789146
0.811556
0.8
0.798401
0.802829
0.795075
0.793913
0.799475
0.797321
0.811252
0.805506
0.795053
0.797703
0.804749
0.784588
0.805254
0.790698
0.804965
0.791923
0.797872
0.800544
0.824337
0.778351
0.799823
0.80163
0.797012
0.814581
0.7854
0.794376
0.80212
0.811151
0.802964
0.79214
0.793074
0.805704
0.790656
0.797127
0.815861
0.811723
0.8181
0.798736
0.792321
0.799649
0.80593
0.801066
0.808341
0.804252
0.812613
0.793805
0.811712
0.814682
0.776916
0.799103
0.790838
0.803163
0.810329
0.808719
0.801052
0.818099
0.810115
0.789333
0.793403
0.777873
0.794557
0.797672
0.820513
0.804024
0.78801
0.800175
0.782571
0.77242
0.791228
0.806595
0.798764
0.805679
0.809099
0.816197
0.794193
0.80427
0.812093
0.818847
0.801242
0.809264
0.803697
0.783621
0.801412
0.799644
0.791486
0.806798
0.813345
0.798034
0.801794
0.803904
0.806104
0.792793
0.792737
0.795775
0.797546
0.798593
0.788683
0.79207
0.782272
0.80477
0.809353
0.811201
0.792388
0.820072
0.804878
0.807111
0.803017
0.795414
0.794849
0.803904
0.792586
0.789615
0.783691
0.807762
0.793778
0.798436
0.793164
0.797834
0.799107
0.801594
0.806077
0.798937
0.789703
0.811754
0.790656
0.78185
0.802679
0.793566
0.833333
0.782837
0.782798
0.789289
0.798068
0.794508
0.788068
0.808758
0.809783
0.810932
0.811372
0.799647
0.813419
0.786273
0.805147
0.788091
0.781897
0.811996
0.825023
0.786399
0.804029
0.793526
0.78603
0.821855
0.8
0.803017
0.792469
0.792737
0.78853
0.793074
0.773973
0.80406
0.80853
0.790759
0.78534
0.802139
0.801406
0.791258
0.802149
0.798214
0.790167
0.795866
0.819982
0.802336
0.790451
0.806306
0.811234
0.812105
0.783621
0.785777
0.785345
0.820255
0.798764
0.811647
0.793073
0.782459
0.807381
0.807175
0.7959
0.804505
0.818347
0.788393
0.796117
0.782762
0.812614
0.808929
0.79947
0.810284
0.818767
0.79628
0.80724
0.79458
0.792254
0.813761
0.801937
0.801802
0.786726
0.808134
0.798429
0.800532
0.801418
0.808889
0.812274
0.794849
0.780402
0.786019
0.803249
0.810762
0.795435
0.787933
0.81736
0.783523
0.81685
0.788927
0.801061
0.798764
0.796999
0.806746
0.812444
0.804078
0.816637
0.789658
0.781961
0.797025
0.798923
0.808824
0.792952
0.796296
0.787013
0.800353
0.79806
0.79806
0.794459
0.804545
0.819746
0.794714
0.785838
0.808415
0.804096
0.794983
0.794917
0.786087
0.807018
0.804233
0.783505
0.798214
0.794557
0.817029
0.80724
0.80759
0.813761
0.801056
0.792231
0.794619
0.815013
0.802149
0.813358
0.795882
0.81704
0.801066
0.794246
0.824015
0.782912
0.809609
0.799641
0.798942
0.824482
0.80742
0.797546
0.802792
0.809524
0.813345
0.80523
0.79738
0.790718
0.822242
0.804152
0.796522
0.803681
0.813067
0.802632
0.790393
0.817439
0.815081
0.806167
0.803815
0.817431
0.788411
0.794275
0.800897
0.80543
0.799283
0.797524
0.808999
0.796959
0.802347
0.801937
0.80181
0.817774
0.803177
0.80593
0.794351
0.810392
0.804639
0.804152
0.796625
0.788165
0.796313
0.791084
0.794091
0.793165
0.792301
0.791266
0.798394
0.784974
0.816456
0.797524
0.804834
0.791993
0.800525
0.797166
0.797513
0.817935
0.795633
0.813559
0.803587
0.792219
0.821138
0.79214
0.798415
0.793226
0.786842
0.811475
0.788732
0.796263
0.8
0.81448
0.791594
0.785211
0.796699
0.805679
0.799637
0.796625
0.798246
0.81233
0.772689
0.780018
0.798599
0.795317
0.797357
0.799644
0.826888
0.805357
0.79646
0.813806
0.813636
0.782307
0.814617
0.806023
0.801794
0.79469
0.783831
0.801601
0.782379
0.797191
0.779232
0.802315
0.80759
0.799115
0.81016
0.800534
0.778547
0.78634
0.78405
0.779574
0.816308
0.814748
0.802525
0.81127
0.791952
0.794508
0.812892
0.794732
0.790351
0.802867
0.783621
0.795918
0.803396
0.797153
0.791406
0.810498
0.8
0.807315
0.811052
0.810787
0.8
0.776522
0.806104
0.802679
0.813725
0.808969
0.787422
0.801601
0.792619
0.795435
0.797672
0.779399
0.805531
0.796064
0.795756
0.813953
0.799645
0.790594
0.780035
0.801061
0.783111
0.80248
0.802842
0.799111
0.80523
0.785777
0.806104
0.804598
0.797203
0.794849
0.805482
0.802092
0.814882
0.777296
0.796444
0.807657
0.806159
0.783111
0.805851
0.80303
0.81295
0.793374
0.783854
0.798923
0.781359
0.820583
0.788143
0.800715
0.794826
0.804945
0.803797
0.79664
0.818588
0.80853
0.79982
0.790123
0.80303
0.791594
0.786517
0.803904
0.810517
0.812165
0.792062
0.788546
0.815766
0.801061
0.80694
0.803381
0.790821
0.805302
0.787852
0.798401
0.792287
0.787852
0.802149
0.79928
0.792832
0.800699
0.789056
0.799644
0.807381
0.811818
0.816697
0.798561
0.805704
0.793316
0.817117
0.798759
0.775937
0.798587
0.796999
0.782307
0.811131
0.810206
0.807554
0.785714
0.784777
0.779793
0.806023
0.779335
0.79583
0.793651
0.789382
0.803957
0.809955
0.803206
0.788143
0.795793
0.816606
0.820937
0.803381
0.795556
0.785652
0.817185
0.8014
0.793164
0.793651
0.790435
0.823744
0.803396
0.811101
0.805654
0.806738
0.789151
0.823423
0.78376
0.788173
0.811201
0.805381
0.809739
0.799642
0.78769
0.789151
0.778166
0.787177
0.802315
0.795394
0.789974
0.783523
0.806023
0.81383
0.798593
0.798753
0.802842
0.793345
0.796134
0.808837
0.795191
0.809955
0.798748
0.794533
0.811151
0.779793
0.798436
0.81674
0.796329
0.79838
0.79928
0.815482
0.82
0.788646
0.80708
0.787852
0.806859
0.789381
0.792737
0.803922
0.798753
0.78106
0.782265
0.819178
0.784656
0.804114
0.794557
0.81016
0.799826
0.80107
0.809349
0.80905
0.79823
0.808969
0.792832
0.804078
0.79007
0.798605
0.794014
0.80523
0.810238
0.809695
0.817531
0.803904
0.79417
0.790252
0.78503
0.783333
0.803556
0.797357
0.791917
0.790351
0.795793
0.8
0.803993
0.825688
0.795918
0.816271
0.795435
0.787215
0.79877
0.798238
0.823204
0.78877
0.78952
0.805077
0.79375
0.804078
0.793134
0.800357
0.787142
0.80914
0.8
0.800523
0.779602
0.793734
0.793286
0.788225
0.789427
0.79628
0.79658
0.792035
0.79823
0.808664
0.807048
0.800353
0.819407
0.800355
0.808244
0.798932
0.801609
0.794326
0.80651
0.782456
0.80948
0.797524
0.802469
0.8191
0.800178
0.799286
0.789982
0.792502
0.800353
0.820348
0.806595
0.785714
0.802168
0.797309
0.797524
0.820746
0.801786
0.780488
0.815179
0.816787
0.796848
0.805009
0.812174
0.794533
0.77245
0.803004
0.812386
0.810954
0.796999
0.811528
0.808244
0.800355
0.794756
0.803396
0.788782
0.784331
0.825368
0.786087
0.794939
0.794508
0.796167
0.79292
0.815315
0.782118
0.807453
0.80914
0.80523
0.799115
0.782837
0.79628
0.813406
0.803887
0.795118
0.803571
0.799644
0.813406
0.805531
0.788562
0.798731
0.812956
0.806715
0.787665
0.809439
0.793469
0.802667
0.79417
0.807795
0.785841
0.802513
0.806132
0.803957
0.807315
0.800177
0.787798
0.810517
0.806909
0.793196
0.802305
0.79008
0.79292
0.781331
0.807899
0.788444
0.79386
0.79417
0.789567
0.810498
0.792586
0.8
0.78087
0.815287
0.772491
0.793042
0.805054
0.774806
0.807033
0.798051
0.821855
0.818834
0.80468
0.794803
0.799099
0.782647
0.785968
0.79516
0.79646
0.799296
0.777971
0.792801
0.787478
0.798753
0.795954
0.794849
0.801248
0.804042
0.794533
0.801963
0.811201
0.807348
0.801406
0.795633
0.794351
0.800881
0.80905
0.816787
0.802792
0.790925
0.790135
0.789753
0.816382
0.798555
0.790885
0.807935
0.803191
0.785146
0.807658
0.789286
0.804114
0.808244
0.810252
0.808182
0.782195
0.79008
0.80198
0.79628
0.80053
0.809865
0.785965
0.812556
0.794872
0.818428
0.799475
0.807965
0.797713
0.809353
0.801412
0.786585
0.778541
0.803206
0.769033
0.804987
0.802139
0.803411
0.794849
0.790739
0.797491
0.801248
0.801265
0.808877
0.806132
0.790493
0.805851
0.789707
0.791449
0.805405
0.788173
0.80406
0.783595
0.805357
0.802829
0.775563
0.794425
0.797546
0.797909
0.801276
0.80354
0.786713
0.803587
0.813393
0.792287
0.8125
0.784121
0.807282
0.789242
0.796134
0.793814
0.79682
0.805606
0.802703
0.801609
0.795009
0.805054
0.788646
0.804309
0.798928
0.802315
0.796834
0.79738
0.801438
0.807935
0.808415
0.802977
0.809009
0.795595
0.788745
0.788782
0.794849
0.806023
0.788462
0.805808
0.78204
0.795756
0.798913
0.795075
0.795332
0.811659
0.789982
0.809778
0.785464
0.784899
0.800178
0.773001
0.799647
0.795353
0.81505
0.80158
0.808719
0.798068
0.786856
0.803904
0.809783
0.783924
0.813216
0.798415
0.798928
0.815315
0.819444
0.786655
0.774611
0.806828
0.804791
0.786972
0.813406
0.805357
0.804328
0.783569
0.794849
0.802336
0.791703
0.818345
0.795353
0.790351
0.770992
0.798764
0.80905
0.806481
0.811101
0.805851
0.80107
0.802667
0.798077
0.798051
0.798246
0.787986
0.793623
0.801075
0.799639
0.80543
0.804214
0.796517
0.824007
0.770815
0.818021
0.786213
0.805957
0.80724
0.79982
0.792369
0.795276
0.822507
0.793961
0.810036
0.784643
0.803714
0.811935
0.78801
0.807623
0.791923
0.78534
0.807658
0.807728
0.800361
0.788308
0.795918
0.786034
0.791486
0.791667
0.791123
0.780846
0.803747
0.789289
0.814815
0.797191
0.816143
0.801609
0.781469
0.798748
0.789938
0.802805
0.81875
0.811872
0.786644
0.789748
0.805996
0.790222
0.794351
0.78329
0.81233
0.802679
0.814647
0.791373
0.792
0.805984
0.80036
0.79021
0.802139
0.79569
0.803524
0.788683
0.801963
0.799472
0.787905
0.795276
0.805357
0.796861
0.814247
0.797333
0.825848
0.801425
0.799115
0.812781
0.814414
0.809865
0.788411
0.806132
0.79947
0.783362
0.806566
0.802855
0.808281
0.779793
0.79667
0.798932
0.806423
0.80288
0.784899
0.80948
0.788276
0.805877
0.807899
0.784722
0.805851
0.788151
0.805877
0.791964
0.806566
0.79517
0.812558
0.800702
0.808415
0.801609
0.811101
0.798593
0.801418
0.795075
0.793469
0.810298
0.794714
0.801425
0.801616
0.796959
0.808549
0.780656
0.808378
0.768904
0.810422
0.786771
0.798574
0.795882
0.811131
0.825765
0.825
0.793679
0.785841
0.785838
0.791071
0.808036
0.800897
0.813453
0.809865
0.796791
0.801231
0.80035
0.796263
0.802502
0.798214
0.823956
0.786726
0.825889
0.795718
0.81086
0.822715
0.798051
0.808811
0.80427
0.796625
0.798206
0.790252
0.804791
0.798764
0.79858
0.815013
0.79615
0.79425
0.79714
0.806738
0.827264
0.802829
0.805755
0.789707
0.814545
0.799103
0.798051
0.804987
0.799283
0.80354
0.783378
0.786667
0.792857
0.802139
0.79929
0.810714
0.790308
0.79007
0.79163
0.803017
0.769031
0.790468
0.790636
0.787215
0.798923
0.797321
0.785968
0.793043
0.794872
0.804464
0.786713
0.803571
0.798373
0.797693
0.808797
0.815247
0.806655
0.784843
0.782195
0.797203
0.80177
0.809311
0.792553
0.818182
0.807065
0.796313
0.790657
0.796029
0.805654
0.797723
0.812105
0.798764
0.796444
0.805137
0.801056
0.818265
0.799821
0.808182
0.790718
0.798422
0.792769
0.813118
0.784331
0.808877
0.801989
0.80158
0.811182
0.799639
0.800705
0.804096
0.800889
0.790167
0.803235
0.787665
0.793073
0.799293
0.814038
0.802632
0.806655
0.784331
0.802502
0.79098
0.808704
0.798415
0.800178
0.791776
0.808511
0.807727
0.782872
0.796263
0.785587
0.777874
0.79947
0.809695
0.79098
0.820348
0.797882
0.801248
0.799472
0.801989
0.803939
0.812215
0.796806
0.796684
0.809181
0.824074
0.824449
0.813237
0.819343
0.773973
0.800177
0.8
0.796247
0.808969
0.798942
0.801043
0.802867
0.794195
0.792231
0.784734
0.802906
0.803366
0.809353
0.805657
0.79661
0.804598
0.809222
0.804133
0.796263
0.80593
0.783143
0.785095
0.80429
0.80107
0.794326
0.798942
0.81629
0.786096
0.802491
0.810619
0.818182
0.784071
0.794326
0.789194
0.789982
0.789798
0.794783
0.81205
0.794917
0.781708
0.80288
0.794714
0.783217
0.802829
0.815622
0.806077
0.797524
0.79207
0.796167
0.792769
0.805455
0.792952
0.807453
0.79823
0.818926
0.80427
0.818182
0.803163
0.809481
0.831481
0.803797
0.791005
0.792746
0.804659
0.819746
0.804096
0.788831
0.799636
0.797345
0.795516
0.793679
0.801265
0.801242
0.785271
0.792403
0.793761
0.818756
0.79174
0.803396
0.790656
0.80387
0.80516
0.797882
0.792219
0.791249
0.78603
0.791228
0.804791
0.804791
0.805581
0.785652
0.800352
0.803163
0.781411
0.802829
0.805183
0.798561
0.805877
0.81044
0.809269
0.790941
0.81835
0.805357
0.797524
0.80573
0.794779
0.793256
0.803571
0.798753
0.787958
0.816547
0.791335
0.807381
0.800721
0.79838
0.821461
0.809654
0.794872
0.81233
0.808688
0.832579
0.800881
0.811775
0.801248
0.807002
0.795096
0.802111
0.804834
0.814159
0.79838
0.79021
0.7959
0.791887
0.804309
0.777391
0.798913
0.798587
0.790759
0.785965
0.814545
0.794643
0.804659
0.81295
0.784832
0.808783
0.790451
0.791031
0.795234
0.800542
0.795737
0.79982
0.810909
0.80406
0.810498
0.794425
0.80362
0.802655
0.798568
0.801412
0.797513
0.80648
0.800177
0.779039
0.79982
0.793316
0.804577
0.785461
0.798932
0.767781
0.810219
0.810573
0.79476
0.80373
0.797368
0.793554
0.815978
0.809695
0.782161
0.791228
0.816438
0.798928
0.809395
0.808244
0.789707
0.803177
0.784091
0.792254
0.793478
0.813787
0.789474
0.808491
0.815343
0.802149
0.796986
0.800877
0.794533
0.803681
0.777874
0.809099
0.796848
0.800901
0.80373
0.806335
0.799115
0.807381
0.791123
0.801075
0.777588
0.808304
0.786914
0.79517
0.791258
0.814748
0.796263
0.810737
0.800709
0.781491
0.800897
0.782493
0.81149
0.816863
0.810787
0.790308
0.792254
0.795353
0.798261
0.810345
0.795255
0.811607
0.81769
0.811189
0.790351
0.772065
0.803191
0.790451
0.788121
0.81448
0.792801
0.795863
0.795595
0.77972
0.784965
0.795575
0.79667
0.804252
0.798932
0.793469
0.796296
0.793164
0.805137
0.806848
0.808318
0.796791
0.810127
0.80354
0.78634
0.802842
0.808415
0.811765
0.793961
0.805581
0.809609
0.792388
0.801747
0.818596
0.799463
0.818428
0.809437
0.785965
0.824838
0.804921
0.798198
0.804133
0.818264
0.83105
0.782007
0.788328
0.79252
0.794604
0.810081
0.789565
0.797853
0.797762
0.784574
0.798599
0.820746
0.794803
0.800353
0.812897
0.782337
0.802347
0.812724
0.789974
0.81149
0.793706
0.801418
0.811101
0.805031
0.805381
0.792287
0.811881
0.796791
0.794872
0.803571
0.783831
0.794961
0.795075
0.790965
0.796806
0.786585
0.779617
0.786929
0.81338
0.791851
0.815287
0.80109
0.79664
0.805755
0.784909
0.801425
0.80573
0.785464
0.806828
0.811712
0.797227
0.81
0.801786
0.778448
0.786026
0.815287
0.775937
0.798025
0.800355
0.796777
0.814103
0.802893
0.79947
0.796507
0.784698
0.797434
0.801242
0.783523
0.799641
0.796247
0.772065
0.792889
0.806077
0.792369
0.781034
0.788527
0.81295
0.792619
0.802102
0.785527
0.784521
0.823312
0.781787
0.798034
0.804233
0.786713
0.798736
0.805254
0.789015
0.811182
0.80406
0.786596
0.806818
0.808415
0.807414
0.809315
0.789428
0.795414
0.804729
0.805606
0.811775
0.801237
0.809353
0.79714
0.804096
0.794425
0.812839
0.76943
0.793833
0.803556
0.80593
0.783143
0.802305
0.794508
0.790941
0.798246
0.800725
0.808099
0.810469
0.788582
0.789041
0.810883
0.815697
0.804425
0.809865
0.798408
0.804133
0.801609
0.787665
0.812727
0.79946
0.815622
0.798587
0.793073
0.803524
0.824449
0.797683
0.798932
0.8
0.8117
0.811404
0.796806
0.785146
0.808394
0.804114
0.817352
0.783174
0.810206
0.784535
0.807315
0.805482
0.793961
0.801573
0.793042
0.809439
0.805683
0.802655
0.808072
0.805581
0.79615
0.823529
0.798928
0.812613
0.788958
0.798415
0.808171
0.803922
0.808099
0.802679
0.80605
0.793734
0.805183
0.782272
0.806922
0.810329
0.809181
0.783406
0.795394
0.802632
0.802491
0.802855
0.802295
0.779514
0.807692
0.804233
0.803853
0.811101
0.811943
0.80181
0.803957
0.798593
0.796444
0.803206
0.80127
0.807282
0.809315
0.797491
0.802655
0.811943
0.80427
0.790167
0.80213
0.830137
0.824226
0.805455
0.782118
0.810959
0.810298
0.799458
0.782912
0.794756
0.808145
0.778253
0.821656
0.811659
0.788732
0.793103
0.780191
0.830309
0.793778
0.789748
0.806452
0.788256
0.794484
0.812724
0.802703
0.815552
0.792185
0.794275
0.800175
0.796522
0.802691
0.814581
0.801253
0.81605
0.806423
0.813059
0.806278
0.824705
0.766012
0.792857
0.813681
0.807065
0.801747
0.783854
0.806394
0.787346
0.812613
0.792651
0.819746
0.77993
0.784983
0.815765
0.784588
0.801066
0.812386
0.799825
0.791741
0.8181
0.802458
0.805357
0.814849
0.798775
0.793833
0.800715
0.815956
0.793651
0.821198
0.81064
0.812892
0.819245
0.789151
0.796861
0.800539
0.803163
0.798593
0.771259
0.795972
0.797127
0.797321
0.806878
0.786738
0.783972
0.807048
0.796999
0.801601
0.811388
0.804252
0.788276
0.825967
0.809181
0.80107
0.808378
0.81435
0.804577
0.791964
0.802285
0.80036
0.789613
0.816836
0.812444
0.790036
0.802285
0.797703
0.789015
0.817117
0.79174
0.800893
0.803017
0.796986
0.801253
0.807692
0.800889
0.812892
0.802977
0.79476
0.800534
0.796791
0.798394
0.779029
0.812555
0.77988
0.809865
0.800178
0.804525
0.79858
0.784777
0.801587
0.814143
0.826715
0.791335
0.807282
0.801998
0.782152
0.801616
0.798942
0.803396
0.777972
0.796507
0.819005
0.785652
0.802805
0.798731
0.781739
0.795255
0.797127
0.794939
0.806366
0.81044
0.807487
0.813975
0.808415
0.802102
0.809264
0.824434
0.797641
0.817531
0.790901
0.806595
0.817282
0.795954
0.806971
0.810909
0.794604
0.787086
0.805531
0.814849
0.800177
0.788793
0.798051
0.793253
0.797989
0.772687
0.773913
0.795075
0.808877
0.809059
0.800355
0.810565
0.783945
0.79877
0.785777
0.785404
0.808036
0.785714
0.813806
0.803957
0.800177
0.794987
0.788194
0.804133
0.800357
0.793103
0.803714
0.811081
0.793381
0.803099
0.783713
0.798548
0.800712
0.80107
0.810981
0.798415
0.799637
0.780342
0.809524
0.801382
0.828365
0.799107
0.798222
0.822344
0.801937
0.785968
0.803058
0.79946
0.799475
0.80177
0.809059
0.82
0.820882
0.798206
0.78634
0.785467
0.797723
0.807554
0.811935
0.787511
0.790677
0.803058
0.810517
0.798025
0.802491
0.807727
0.792586
0.798246
0.789703
0.785217
0.801226
0.781387
0.785404
0.803747
0.817273
0.809783
0.800353
0.8181
0.787641
0.787852
0.794872
0.785525
0.795004
0.783027
0.789242
0.793594
0.799465
0.810883
0.796763
0.784965
0.815884
0.804723
0.808356
0.80373
0.790323
0.816176
0.798408
0.814617
0.784279
0.784262
0.798937
0.782379
0.814338
0.808257
0.798946
0.790393
0.814312
0.794917
0.808704
0.801786
0.775
0.798753
0.795556
0.800352
0.80523
0.813849
0.791266
0.800352
0.767065
0.796806
0.793566
0.811201
0.817106
0.796861
0.793316
0.813787
0.79646
0.821198
0.79599
0.816787
0.814324
0.80593
0.804856
0.809991
0.793833
0.795053
0.787986
0.810883
0.804659
0.806132
0.80299
0.793961
0.803366
0.79661
0.804114
0.803279
0.786325
0.808511
0.783333
0.792586
0.797703
0.793073
0.79947
0.773634
0.808743
0.784535
0.802295
0.804987
0.796834
0.787611
0.783737
0.807588
0.805434
0.801066
0.79163
0.817854
0.82216
0.806625
0.786467
0.79469
0.795435
0.799468
0.802643
0.809099
0.781659
0.799463
0.796684
0.794459
0.794803
0.793934
0.803904
0.80181
0.809609
0.789007
0.811765
0.797513
0.776316
0.804639
0.792388
0.804189
0.796959
0.798574
0.809567
0.786771
0.809524
0.780786
0.807797
0.803939
0.795918
0.794401
0.781009
0.790861
0.81362
0.792
0.799111
0.808511
0.803604
0.784229
0.80362
0.785271
0.807315
0.810081
0.801425
0.808108
0.799645
0.803524
0.806077
0.794643
0.804042
0.80477
0.807727
0.810592
0.798077
0.808044
0.776748
0.818264
0.79292
0.802643
0.772141
0.808436
0.79823
0.77883
0.793722
0.780277
0.785839
0.80885
0.82
0.793679
0.796834
0.817282
0.798555
0.798401
0.79115
0.812332
0.809783
0.810714
0.79458
0.811252
0.798034
0.806195
0.792801
0.789474
0.795737
0.804659
0.80427
0.780702
0.809099
0.808341
0.803044
0.803235
0.788546
0.784436
0.78144
0.809947
0.79858
0.788068
0.793623
0.797391
0.799824
0.781142
0.794643
0.793011
0.805957
0.80354
0.803017
0.794351
0.78106
0.809264
0.779913
0.793011
0.798034
0.799652
0.819158
0.78559
0.818926
0.794849
0.791958
0.827206
0.794894
0.810092
0.806335
0.820909
0.801762
0.793381
0.793554
0.802525
0.799824
0.792952
0.808453
0.799107
0.815081
0.788967
0.809481
0.792586
0.800905
0.8
0.802458
0.786644
0.783641
0.825571
0.806452
0.809698
0.808837
0.802951
0.81412
0.80288
0.798043
0.791958
0.810036
0.791812
0.789567
0.783333
0.791887
0.795595
0.798394
0.809654
0.806364
0.803763
0.817685
0.801971
0.811287
0.802643
0.807175
0.787478
0.789242
0.792436
0.80163
0.790677
0.80158
0.782152
0.799824
0.783854
0.795031
0.786273
0.805679
0.801075
0.79858
0.798394
0.805077
0.80516
0.783101
0.787234
0.823423
0.82491
0.805405
0.79928
0.809821
0.799824
0.814414
0.804505
0.802326
0.800705
0.799305
0.80523
0.810592
0.806625
0.801971
0.813226
0.79947
0.796522
0.791045
0.789474
0.798775
0.779736
0.790393
0.784521
0.792436
0.810193
0.822242
0.800893
0.780172
0.811594
0.804834
0.806222
0.786828
0.808917
0.805606
0.815956
0.790265
0.805556
0.803235
0.795972
0.808036
0.819583
0.804444
0.8049
0.789427
0.777583
0.802691
0.789938
0.820814
0.794326
0.80593
0.790657
0.803427
0.810836
0.787402
0.819927
0.824166
0.808837
0.807348
0.813665
0.789938
0.800712
0.811304
0.804114
0.807207
0.809353
0.795435
0.80035
0.799823
0.786273
0.811723
0.79344
0.799823
0.808625
0.787958
0.807453
0.782265
0.801075
0.79375
0.804545
0.812271
0.791703
0.803636
0.79661
0.781277
0.816251
0.797502
0.81768
0.802667
0.806848
0.792
0.802458
0.823529
0.7753
0.815455
0.815343
0.79174
0.795737
0.797038
0.819178
0.79714
0.810613
0.792208
0.802513
0.802111
0.794275
0.787177
0.811775
0.801237
0.77691
0.822344
0.804545
0.791519
0.796791
0.803522
0.796491
0.792651
0.810667
0.789849
0.800885
0.8
0.806306
0.78185
0.806278
0.789938
0.799103
0.799458
0.790553
0.805877
0.803763
0.812727
0.793934
0.792889
0.806599
0.825142
0.78911
0.804252
0.802691
0.788582
0.809019
0.813559
0.805556
0.814581
0.80322
0.811031
0.798748
0.80107
0.792354
0.802842
0.780277
0.836512
0.791776
0.815789
0.81086
0.783362
0.806738
0.819687
0.803017
0.795536
0.809524
0.779425
0.792801
0.79163
0.80625
0.779809
0.770282
0.795075
0.814442
0.79838
0.814247
0.785899
0.805137
0.803571
0.799821
0.794326
0.799825
0.802469
0.798593
0.795276
0.793526
0.806859
0.787381
0.80212
0.809524
0.81016
0.800527
0.798932
0.803797
0.787159
0.804965
0.801259
0.800705
0.782801
0.799293
0.81435
0.808569
0.794459
0.807935
0.787013
0.795053
0.828996
0.79858
0.81127
0.784602
0.809228
0.800361
0.801425
0.817376
0.797853
0.787556
0.813177
0.799472
0.812785
0.828413
0.786701
0.809695
0.795936
0.79664
0.799822
0.811828
0.814286
0.793103
0.807381
0.797882
0.801945
0.801075
0.788546
0.78634
0.786596
0.788831
0.786273
0.799111
0.800532
0.819495
0.798764
0.810081
0.803279
0.787986
0.795633
0.794301
0.79252
0.783217
0.813849
0.802525
0.824771
0.814312
0.824166
0.810081
0.784452
0.805531
0.773748
0.783595
0.80853
0.79344
0.81086
0.797713
0.814612
0.815956
0.812777
0.788611
0.798051
0.809353
0.805405
0.779602
0.787326
0.802178
0.81448
0.800175
0.803017
0.795793
0.811607
0.794667
0.799823
0.80531
0.812215
0.78628
0.806159
0.812724
0.811252
0.798786
0.808433
0.790861
0.787402
0.806394
0.79292
0.816364
0.800176
0.813226
0.79823
0.791851
0.792553
0.788276
0.794737
0.787511
0.809099
0.805834
0.810565
0.793554
0.807348
0.796117
0.819188
0.801418
0.802679
0.804813
0.805604
0.815247
0.814781
0.786784
0.799649
0.8
0.786082
0.788328
0.81448
0.795756
0.808758
0.812444
0.790576
0.802326
0.81495
0.820091
0.801945
0.816271
0.779412
0.797357
0.79214
0.798932
0.799468
0.799123
0.798605
0.812903
0.782762
0.808356
0.806971
0.801056
0.795775
0.794484
0.809353
0.791335
0.790594
0.797693
0.813051
0.808889
0.778929
0.800702
0.815482
0.803957
0.802458
0.79051
0.794014
0.811765
0.788173
0.79646
0.809651
0.801609
0.809439
0.807002
0.814647
0.779528
0.784983
0.810836
0.808072
0.806909
0.79806
0.785464
0.792287
0.787456
0.793679
0.8014
0.804834
0.793961
0.809567
0.789798
0.815149
0.78329
0.801971
0.810206
0.807448
0.813059
0.783111
0.794917
0.805704
0.792889
0.791189
0.802139
0.805031
0.79566
0.784111
0.794917
0.797502
0.801601
0.803681
0.797683
0.82037
0.810932
0.818841
0.802491
0.801573
0.791019
0.806798
0.789426
0.789245
0.802691
0.804813
0.783101
0.794118
0.781003
0.805381
0.813743
0.802691
0.794826
0.80468
0.811081
0.809181
0.799099
0.794627
0.802315
0.810046
0.799641
0.810688
0.798764
0.791667
0.803177
0.788646
0.802817
0.787986
0.820215
0.786399
0.800175
0.78388
0.80651
0.821396
0.813699
0.787142
0.782459
0.791812
0.805278
0.791778
0.817525
0.803279
0.787565
0.812556
0.799283
0.806971
0.793497
0.78559
0.807935
0.801594
0.801616
0.80651
0.808491
0.804505
0.801594
0.808207
0.792035
0.785965
0.801066
0.794195
0.815018
0.792287
0.79386
0.803797
0.787511
0.806738
0.794066
0.790965
0.809099
0.810613
0.789336
0.789056
0.805137
0.801282
0.807143
0.807348
0.788918
0.789194
0.796655
0.790718
0.811131
0.79469
0.793165
0.799647
0.806685
0.790821
0.7844
0.817935
0.81016
0.781721
0.8
0.784021
0.802855
0.798937
0.792219
0.800178
0.808207
0.792321
0.79386
0.797309
0.798051
0.801786
0.810737
0.809222
0.804328
0.810284
0.816345
0.802977
0.788967
0.791084
0.793103
0.80651
0.797872
0.815765
0.789199
0.805054
0.79628
0.787367
0.788732
0.798742
0.810737
0.818761
0.824705
0.80573
0.818919
0.816216
0.79207
0.811607
0.803797
0.817029
0.804309
0.794557
0.791123
0.780904
0.79615
0.809353
0.802491
0.791923
0.799119
0.798051
0.81505
0.803747
0.783737
0.801066
0.790677
0.812219
0.808378
0.814917
0.804007
0.790861
0.815208
0.813787
0.814488
0.810662
0.774936
0.791219
0.792982
0.798555
0.784279
0.796733
0.800355
0.794508
0.8
0.793939
0.784121
0.804834
0.794301
0.80724
0.78872
0.803904
0.803381
0.780977
0.806366
0.789289
0.788143
0.793381
0.787665
0.799463
0.797357
0.793073
0.784121
0.812611
0.798932
0.791703
0.801418
0.808625
0.8
0.796999
0.793886
0.79215
0.804987
0.800532
0.805531
0.798775
0.8
0.798937
0.793103
0.795756
0.809091
0.79726
0.816438
0.800889
0.801231
0.795213
0.8
0.794434
0.785095
0.814414
0.809821
0.797357
0.803235
0.808917
0.791161
0.81777
0.792952
0.795394
0.808072
0.79386
0.810517
0.794459
0.802368
0.793134
0.794301
0.816251
0.80378
0.821791
0.792553
0.803017
0.79417
0.790576
0.788039
0.812611
0.812667
0.797368
0.801085
0.812781
0.785965
0.789894
0.803396
0.801444
0.786147
0.809695
0.782419
0.786026
0.793805
0.795556
0.804857
0.800353
0.792948
0.79469
0.806104
0.801594
0.81794
0.809091
0.794779
0.787533
0.796329
0.804577
0.813167
0.805333
0.782301
0.811647
0.790308
0.805137
0.82573
0.820235
0.797546
0.788611
0.794714
0.797127
0.785088
0.80593
0.781142
0.795075
0.813118
0.782496
0.785587
0.80752
0.776119
0.79476
0.797166
0.793594
0.803556
0.798951
0.794961
0.809865
0.793805
0.816814
0.788732
0.803381
0.801259
0.807692
0.798568
0.788296
0.796047
0.801794
0.777391
0.795096
0.799649
0.805479
0.802149
0.7844
0.813067
0.805206
0.796007
0.803604
0.796999
0.81086
0.806655
0.80354
0.796507
0.8049
0.814414
0.793886
0.795009
0.788696
0.808318
0.795009
0.790393
0.790594
0.833333
0.795435
0.808415
0.816697
0.794484
0.783101
0.790739
0.807762
0.813467
0.78223
0.802655
0.793134
0.808318
0.796296
0.799465
0.814247
0.792801
0.795126
0.803044
0.819746
0.80708
0.801594
0.780786
0.796655
0.795435
0.789336
0.806595
0.79823
0.790861
0.790739
0.802111
0.80053
0.808704
0.79806
0.800532
0.806715
0.819927
0.800877
0.797012
0.801945
0.805333
0.811252
0.789661
0.784643
0.793497
0.772491
0.816345
0.785404
0.787252
0.818671
0.784965
0.80107
0.808969
0.81605
0.8011
0.78866
0.798174
0.790493
0.813975
0.807832
0.792553
0.80322
0.787478
0.810036
0.813849
0.79623
0.79386
0.801594
0.816621
0.804425
0.809307
0.800901
0.798937
0.79929
0.817525
0.817685
0.787346
0.793256
0.7854
0.80905
0.797863
0.786416
0.796959
0.797038
0.803163
0.795337
0.795276
0.813575
0.799286
0.775194
0.805834
0.796429
0.798401
0.815013
0.792683
0.8
0.801282
0.813514
0.820235
0.808797
0.802855
0.815697
0.810036
0.827273
0.805629
0.805254
0.815149
0.792639
0.789655
0.780087
0.794849
0.792737
0.798568
0.790759
0.804965
0.791522
0.803017
0.789938
0.793411
0.80531
0.802679
0.792553
0.798753
0.797524
0.793778
0.819013
0.788014
0.779299
0.808171
0.801066
0.798043
0.795353
0.80278
0.801425
0.80605
0.795394
0.815693
0.80531
0.77069
0.81412
0.804309
0.8
0.786842
0.825352
0.782118
0.800347
0.807175
0.793073
0.79417
0.794275
0.803017
0.80651
0.791703
0.784021
0.79174
0.803396
0.80593
0.798574
0.791335
0.808797
0.792801
0.760741
0.800881
0.800893
0.808
0.79558
0.810284
0.81117
0.806452
0.788121
0.79214
0.795435
0.814982
0.774869
0.810329
0.806828
0.803904
0.797178
0.808797
0.792889
0.797863
0.827555
0.809651
0.801587
0.786667
0.799468
0.782265
0.792651
0.800881
0.803381
0.805505
0.803322
0.818345
0.797203
0.790308
0.808958
0.804152
0.801418
0.791005
0.794894
0.787159
0.804189
0.80905
0.77816
0.807588
0.820583
0.79469
0.80573
0.808569
0.807829
0.803351
0.816759
0.806278
0.806481
0.777874
0.787773
0.814208
0.787748
0.78729
0.798932
0.796296
0.793321
0.794557
0.825722
0.789336
0.810081
0.801609
0.786147
0.800705
0.804309
0.825137
0.801573
0.808642
0.802188
0.789104
0.821818
0.814647
0.809174
0.77836
0.780509
0.795118
0.799465
0.817935
0.791482
0.811052
0.787029
0.81064
0.786784
0.802305
0.78388
0.780786
0.805957
0.792254
0.792982
0.797025
0.810835
0.796134
0.803366
0.794195
0.79404
0.795536
0.798016
0.794066
0.79214
0.815217
0.818676
0.798932
0.797345
0.775065
0.787773
0.799642
0.805458
0.792219
0.812781
0.823801
0.816697
0.790553
0.798408
0.814581
0.774055
0.800178
0.80853
0.801431
0.80107
0.790739
0.797368
0.81216
0.814682
0.782307
0.785777
0.789753
0.807033
0.803587
0.795595
0.803975
0.779244
0.785146
0.807899
0.796064
0.79174
0.799818
0.799283
0.800178
0.786771
0.79929
0.808
0.805629
0.809482
0.810909
0.800696
0.790308
0.79947
0.798587
0.806306
0.789887
0.805183
0.794667
0.790594
0.792857
0.796444
0.811287
0.791923
0.821918
0.790265
0.782798
0.806625
0.80625
0.802491
0.8
0.809695
0.824482
0.800897
0.793253
0.798043
0.795009
0.799824
0.787456
0.801954
0.806953
0.801623
0.798913
0.79564
0.786701
0.800174
0.802867
0.807832
0.798387
0.800355
0.792403
0.797891
0.821072
0.793939
0.79929
0.78961
0.812781
0.78731
0.779412
0.804309
0.791304
0.799644
0.803427
0.795595
0.796476
0.801945
0.8
0.785965
0.813358
0.799472
0.782684
0.820397
0.809692
0.819178
0.800725
0.79661
0.803939
0.800544
0.771853
0.793043
0.797191
0.812727
0.802691
0.808625
0.815718
0.802502
0.787986
0.802906
0.794849
0.798222
0.782152
0.800715
0.812274
0.800361
0.801794
0.798587
0.801963
0.82049
0.807218
0.79115
0.801412
0.802829
0.798574
0.780123
0.792254
0.800537
0.802667
0.781491
0.805031
0.796296
0.801945
0.786828
0.814286
0.805458
0.804813
0.808244
0.80961
0.792403
0.795296
0.808511
0.796263
0.806132
0.797153
0.806508
0.794917
0.788276
0.816399
0.782647
0.804723
0.785153
0.814273
0.804133
0.801242
0.807899
0.807097
0.805877
0.805263
0.794224
0.805206
0.812613
0.8
0.795455
0.813177
0.807414
0.788444
0.790123
0.808604
0.801052
0.80362
0.784416
0.797891
0.809315
0.794783
0.833641
0.805031
0.803887
0.803509
0.81557
0.806195
0.807111
0.791887
0.808797
0.79517
0.798764
0.805506
0.79292
0.800353
0.797872
0.801601
0.802326
0.810298
0.796296
0.777971
0.793778
0.80429
0.78952
0.815328
0.784765
0.820348
0.808604
0.815466
0.791592
0.8
0.794737
0.792321
0.805009
0.789565
0.80523
0.805755
0.809991
0.787069
0.800178
0.786771
0.785651
0.797345
0.794484
0.80752
0.804791
0.788121
0.788121
0.795191
0.794737
0.799103
0.799463
0.798587
0.79982
0.797672
0.791219
0.79476
0.791557
0.809821
0.798214
0.805092
0.785331
0.803957
0.778351
0.797127
0.8
0.817604
0.798051
0.797524
0.795614
0.795699
0.792672
0.797491
0.812834
0.802933
0.818428
0.817685
0.818919
0.79215
0.801425
0.808415
0.800177
0.787271
0.805679
0.804484
0.816438
0.799475
0.783247
0.800718
0.800705
0.803797
0.793256
0.819091
0.785464
0.797357
0.80543
0.81267
0.799091
0.795031
0.801406
0.780822
0.795775
0.803587
0.811372
0.796007
0.809439
0.810858
0.829864
0.805629
0.801406
0.818426
0.782723
0.815622
0.808
0.781961
0.802679
0.804749
0.797683
0.800725
0.789931
0.808511
0.798937
0.798574
0.816489
0.790468
0.80158
0.791703
0.799645
0.8
0.789982
0.798025
0.791379
0.815118
0.785525
0.794987
0.790861
0.814286
0.821081
0.812781
0.779487
0.782531
0.793223
0.789887
0.801237
0.809059
0.807143
0.800352
0.811003
0.799821
0.78339
0.794849
0.791228
0.792737
0.807864
0.784111
0.807763
0.790222
0.820467
0.792062
0.805606
0.789336
0.794038
0.792287
0.797863
0.808837
0.810345
0.798937
0.78144
0.796972
0.797357
0.797345
0.774744
0.806452
0.797683
0.806859
0.799463
0.81295
0.784788
0.811556
0.798764
0.81295
0.821043
0.802513
0.810206
0.798408
0.81283
0.810469
0.785901
0.795793
0.802139
0.789974
0.795595
0.794401
0.797863
0.813636
0.792287
0.800725
0.809991
0.81127
0.807971
0.803017
0.788831
0.77383
0.798555
0.798599
0.783418
0.79404
0.810298
0.813285
0.820882
0.80605
0.793988
0.797357
0.803427
0.78355
0.791923
0.798928
0.808171
0.807356
0.805206
0.784091
0.799647
0.814647
0.788114
0.792115
0.819569
0.807348
0.80109
0.79858
0.817273
0.81362
0.796834
0.794326
0.786644
0.798043
0.791266
0.797285
0.791703
0.793706
0.810517
0.79417
0.799823
0.802326
0.791045
0.806104
0.810298
0.794557
0.794803
0.792028
0.820746
0.803044
0.795918
0.781168
0.778163
0.80429
0.798429
0.794014
0.797333
0.785088
0.823636
0.826127
0.79292
0.80531
0.795031
0.815647
0.792793
0.816773
0.802536
0.796777
0.827747
0.805357
0.798937
0.824885
0.802867
0.784192
0.799644
0.809228
0.813051
0.785652
0.795536
0.789242
0.790026
0.8
0.7959
0.789842
0.787773
0.796655
0.799825
0.800889
0.807971
0.783713
0.812388
0.798077
0.803571
0.80991
