0.90283
0.900095
0.913043
0.922179
0.898961
0.909962
0.917315
0.912077
0.906339
0.919261
0.918683
0.909524
0.906933
0.912331
0.923003
0.902622
0.913876
0.905804
0.905303
0.910048
0.909177
0.924951
0.896486
0.901718
0.915789
0.917387
0.911848
0.908654
0.917387
0.916031
0.917396
0.913251
0.913926
0.921381
0.901905
0.912584
0.907588
0.909265
0.904762
0.924198
0.925532
0.908484
0.921739
0.915222
0.915942
0.921512
0.924038
0.907692
0.924051
0.906755
0.918841
0.923002
0.922556
0.918129
0.911538
0.917556
0.910145
0.909702
0.918191
0.922103
0.907958
0.925709
0.905033
0.916185
0.902184
0.918683
0.915628
0.916587
0.919463
0.908382
0.918526
0.899906
0.9125
0.903955
0.921739
0.905263
0.908654
0.901794
0.92062
0.925709
0.911708
0.918816
0.909528
0.915534
0.916828
0.904306
0.91068
0.918997
0.904306
0.913251
0.917889
0.90631
0.920466
0.913876
0.919048
0.904175
0.916507
0.912713
0.91587
0.908222
0.886916
0.92204
0.919308
0.903846
0.920898
0.907946
0.882243
0.907285
0.904398
0.919608
0.91595
0.920192
0.919574
0.914367
0.914063
0.89746
0.921663
0.909266
0.908046
0.927875
0.908301
0.914314
0.907795
0.921053
0.924928
0.914563
0.923977
0.92233
0.910834
0.916023
0.910134
0.915934
0.912347
0.910405
0.918841
0.922701
0.924855
0.916339
0.922027
0.907109
0.914286
0.925097
0.933202
0.928361
0.918129
0.911429
0.925344
0.922179
0.911513
0.920156
0.909971
0.934055
0.901435
0.908404
0.909782
0.924419
0.916505
0.916104
0.926357
0.909615
0.907088
0.912668
0.930664
0.928079
0.912668
0.907425
0.916747
0.915698
0.910305
0.908654
0.896359
0.913043
0.91022
0.914811
0.904123
0.931907
0.907795
0.90458
0.907707
0.920197
0.923002
0.896067
0.903134
0.916908
0.903104
0.899425
0.9125
0.912109
0.920543
0.910749
0.907514
0.907958
0.921645
0.913793
0.9
0.905983
0.921606
0.916509
0.921435
0.927184
0.920078
0.914611
0.903286
0.908478
0.915628
0.941176
0.921381
0.919182
0.923671
0.905444
0.913676
0.923228
0.911708
0.916748
0.898782
0.911877
0.916179
0.91109
0.906667
0.910816
0.929412
0.90746
0.926398
0.92955
0.911736
0.922776
0.921531
0.899906
0.931907
0.902647
0.916104
0.914423
0.920543
0.914914
0.900952
0.913793
0.915861
0.892958
0.91213
0.916023
0.912584
0.916104
0.917308
0.910731
0.933598
0.918997
0.928361
0.914587
0.907197
0.911877
0.906692
0.90797
0.917466
0.922625
0.907882
0.910476
0.910134
0.918033
0.903409
0.915303
0.912331
0.921875
0.902277
0.90961
0.90839
0.900858
0.904398
0.912875
0.911877
0.920543
0.915789
0.913876
0.919103
0.913793
0.914669
0.918269
0.915303
0.920543
0.928711
0.90746
0.92123
0.907619
0.909789
0.909438
0.910491
0.926471
0.907177
0.908738
0.907157
0.915058
0.923598
0.914729
0.91514
0.930732
0.922255
0.883568
0.915466
0.897653
0.924805
0.904532
0.907088
0.919496
0.906667
0.912214
0.904717
0.910048
0.909875
0.907795
0.920345
0.909789
0.912247
0.905624
0.927043
0.903409
0.924584
0.919807
0.927184
0.914258
0.906072
0.907425
0.924783
0.910305
0.916826
0.925388
0.918033
0.90631
0.916427
0.909709
0.908917
0.923301
0.925388
0.915534
0.919386
0.923228
0.917874
0.915604
0.91514
0.89794
0.920078
0.913926
0.925388
0.919961
0.912584
0.899152
0.922179
0.918504
0.903318
0.90622
0.894539
0.923152
0.938247
0.921435
0.900096
0.915861
0.919961
0.919765
0.912835
0.895694
0.892351
0.925747
0.921002
0.924565
0.916261
0.917546
0.918605
0.916746
0.910731
0.914314
0.909971
0.911907
0.924345
0.909702
0.909962
0.92345
0.914587
0.911538
0.90839
0.917323
0.924752
0.922405
0.911708
0.901998
0.919961
0.907531
0.922321
0.91109
0.903318
0.921799
0.910048
0.908318
0.908124
0.911175
0.913295
0.923604
0.899716
0.912791
0.916346
0.915466
0.928711
0.904489
0.914669
0.910834
0.90613
0.926254
0.907869
0.921381
0.917625
0.902486
0.926428
0.91595
0.916746
0.927723
0.907958
0.922405
0.922852
0.919103
0.917715
0.921206
0.92233
0.898662
0.92189
0.915058
0.919652
0.893333
0.911623
0.905983
0.915934
0.922027
0.910834
0.918997
0.906399
0.919231
0.90839
0.910476
0.898305
0.901685
0.919922
0.915709
0.921337
0.912713
0.923524
0.905894
0.909266
0.928854
0.909875
0.918504
0.891589
0.913545
0.91683
0.916988
0.916185
0.913043
0.907795
0.915222
0.915058
0.904808
0.900094
0.920821
0.90961
0.908301
0.918129
0.925049
0.927451
0.907588
0.912584
0.911623
0.900095
0.893897
0.918997
0.913002
0.891714
0.913843
0.905714
0.927522
0.918468
0.91945
0.912162
0.909615
0.921359
0.912668
0.904899
0.916667
0.909892
0.922854
0.919884
0.920773
0.917148
0.911538
0.921002
0.904762
0.925123
0.911197
0.907869
0.917068
0.915222
0.914914
0.927237
0.931641
0.915222
0.908144
0.926972
0.918945
0.916585
0.917154
0.90604
0.918112
0.918605
0.914176
0.912548
0.911368
0.907946
0.917148
0.918348
0.921951
0.927165
0.896067
0.912706
0.913793
0.909884
0.898961
0.912162
0.912631
0.913168
0.9
0.908397
0.917404
0.921663
0.902604
0.906999
0.912429
0.905624
0.91453
0.92546
0.907707
0.92517
0.931068
0.909867
0.907619
0.902579
0.901979
0.89675
0.907882
0.913424
0.918288
0.917148
0.916185
0.927451
0.915616
0.917154
0.915058
0.910749
0.916023
0.914423
0.919574
0.918191
0.895793
0.929342
0.918191
0.92878
0.908658
0.925315
0.921359
0.919339
0.930324
0.912548
0.927593
0.914505
0.916185
0.912046
0.900763
0.911306
0.899048
0.913333
0.911538
0.916747
0.931707
0.922255
0.912297
0.900749
0.906399
0.909263
0.907443
0.906844
0.89597
0.913843
0.925781
0.913793
0.904853
0.9
0.905172
0.914669
0.902462
0.911392
0.914397
0.930118
0.931373
0.887127
0.909615
0.925563
0.913793
0.92278
0.901718
0.931135
0.912706
0.904265
0.910208
0.921739
0.91514
0.912752
0.914341
0.902164
0.9
0.904215
0.921492
0.920543
0.904175
0.914894
0.922481
0.914587
0.906399
0.909441
0.913295
0.914204
0.92062
0.910731
0.910048
0.921283
0.930392
0.914789
0.907246
0.90499
0.923002
0.912752
0.924805
0.902486
0.924805
0.917795
0.926686
0.927606
0.912247
0.930966
0.914833
0.914258
0.907285
0.911283
0.918997
0.905825
0.901435
0.917064
0.918426
0.926214
0.910834
0.916586
0.896388
0.909438
0.913462
0.924658
0.910305
0.912247
0.90682
0.905534
0.907781
0.906641
0.926214
0.904807
0.907882
0.902184
0.918191
0.906461
0.920311
0.90113
0.90295
0.916185
0.925854
0.913876
0.912464
0.910293
0.91514
0.905444
0.920156
0.904489
0.923598
0.903901
0.916266
0.897653
0.916667
0.90381
0.914811
0.903718
0.906578
0.924951
0.911708
0.894587
0.919463
0.923604
0.915466
0.916667
0.909354
0.907514
0.910391
0.919103
0.910244
0.912331
0.911344
0.928501
0.90691
0.897921
0.909266
0.911283
0.901887
0.917404
0.908654
0.918605
0.906072
0.912331
0.911392
0.937008
0.914176
0.907425
0.903683
0.911197
0.920388
0.919922
0.917939
0.90691
0.927396
0.930392
0.904762
0.91109
0.926712
0.903626
0.92549
0.913628
0.923077
0.892351
0.906461
0.907707
0.924125
0.895677
0.933852
0.901422
0.904853
0.919339
0.916424
0.923828
0.91401
0.914093
0.917228
0.923754
0.919807
0.911283
0.90961
0.914729
0.91126
0.923077
0.906399
0.901905
0.901067
0.916185
0.923454
0.920311
0.903226
0.923077
0.912835
0.920311
0.907443
0.908658
0.901905
0.920696
0.917954
0.925819
0.909004
0.914505
0.913545
0.914423
0.907109
0.924951
0.906516
0.917476
0.913958
0.924658
0.924731
0.912835
0.926181
0.902738
0.905534
0.91401
0.9035
0.912668
0.910232
0.91165
0.904489
0.916667
0.906755
0.918816
0.922927
0.926805
0.915698
0.927466
0.912297
0.918605
0.91213
0.918504
0.899152
0.908915
0.915466
0.924878
0.911429
0.918919
0.915709
0.911708
0.919125
0.909004
0.920388
0.907177
0.92822
0.921951
0.926499
0.917466
0.925097
0.91371
0.910663
0.909702
0.923003
0.922179
0.911453
0.904489
0.927593
0.914286
0.923819
0.907603
0.91213
0.90839
0.912796
0.917466
0.911283
0.917068
0.920192
0.921951
0.925243
0.919075
0.912919
0.911392
0.929057
0.922929
0.913333
0.914646
0.924453
0.902738
0.911877
0.916586
0.917064
0.908484
0.91954
0.904808
0.907531
0.915238
0.918095
0.908917
0.919182
0.911538
0.904627
0.907514
0.903939
0.913127
0.915709
0.915547
0.910577
0.925781
0.902392
0.921078
0.91448
0.91109
0.907109
0.920696
0.90566
0.908134
0.918627
0.909875
0.915466
0.916667
0.903071
0.902205
0.904716
0.916111
0.915122
0.913926
0.894286
0.913378
0.900568
0.907088
0.918683
0.916346
0.902765
0.917143
0.906489
0.8971
0.922701
0.915616
0.912297
0.907372
0.921875
0.914423
0.921815
0.916185
0.907177
0.913545
0.902765
0.92998
0.905588
0.916266
0.909615
0.904489
0.930528
0.92062
0.919496
0.911623
0.918208
0.911793
0.921875
0.906489
0.920078
0.909004
0.923902
0.908832
0.931973
0.910058
0.908663
0.907869
0.920388
0.917889
0.91371
0.915385
0.902672
0.923226
0.929688
0.922405
0.918582
0.906578
0.910405
0.930255
0.911877
0.911765
0.916023
0.921283
0.911765
0.914176
0.902554
0.910305
0.93046
0.899811
0.912464
0.903134
0.922481
0.907266
0.907808
0.918288
0.922631
0.914341
0.914341
0.91448
0.919463
0.919417
0.934524
0.91514
0.918049
0.911877
0.922556
0.909091
0.908577
0.919386
0.90682
0.912959
0.922784
0.915157
0.925388
0.916342
0.910405
0.934109
0.919496
0.909782
0.91109
0.915222
0.906731
0.927676
0.917228
0.931907
0.915222
0.918997
0.906844
0.908918
0.908917
0.912584
0.90038
0.910405
0.926972
0.910476
0.905033
0.912959
0.909438
0.899809
0.909091
0.90019
0.913127
0.910561
0.917308
0.913043
0.912162
0.902738
0.919884
0.923372
0.917939
0.901905
0.91423
0.900188
0.923892
0.917073
0.90595
0.905983
0.919182
0.913926
0.930732
0.913378
0.912381
0.926641
0.924198
0.908832
0.920233
0.916908
0.907067
0.906399
0.924272
0.91376
0.924111
0.906755
0.903134
0.911283
0.898305
0.921053
0.907021
0.916586
0.913251
0.922027
0.906489
0.919339
0.909091
0.907795
0.909441
0.912584
0.908057
0.887546
0.910853
0.932039
0.917073
0.907781
0.90458
0.905804
0.913676
0.919386
0.915303
0.920233
0.921606
0.932353
0.924951
0.90625
0.907808
0.912214
0.910476
0.905714
0.912416
0.925024
0.922103
0.91587
0.909875
0.911793
0.921002
0.910134
0.897338
0.908917
0.919961
0.901435
0.930528
0.933729
0.927255
0.910834
0.918972
0.918605
0.916903
0.913628
0.927466
0.90566
0.915039
0.91514
0.906489
0.920078
0.92
0.921512
0.90253
0.921053
0.905838
0.901811
0.927606
0.907354
0.907781
0.909528
0.913826
0.912162
0.915157
0.899905
0.897045
0.897844
0.910476
0.921965
0.926614
0.909524
0.905497
0.911197
0.915222
0.923454
0.929057
0.907336
0.923902
0.907177
0.903195
0.923598
0.919417
0.924783
0.915122
0.911877
0.923977
0.912668
0.922405
0.906072
0.896617
0.924783
0.907882
0.901141
0.913002
0.922255
0.909004
0.903377
0.912959
0.896388
0.917556
0.92233
0.922255
0.911344
0.913843
0.922701
0.905714
0.922014
0.917969
0.915058
0.915698
0.923671
0.916342
0.927043
0.908397
0.926398
0.921078
0.931774
0.919729
0.915466
0.925097
0.916826
0.917476
0.925819
0.913462
0.918762
0.915779
0.92233
0.917379
0.914729
0.909789
0.916427
0.917315
0.909179
0.905894
0.913211
0.918033
0.925024
0.911932
0.922115
0.905534
0.914914
0.928431
0.908213
0.895537
0.909696
0.908649
0.915616
0.913793
0.917466
0.918468
0.909265
0.914286
0.928854
0.914669
0.901979
0.92204
0.92189
0.904896
0.926214
0.906516
0.922255
0.90631
0.914894
0.916427
0.915238
0.903626
0.909091
0.915789
0.911538
0.894491
0.89603
0.92471
0.905354
0.897045
0.915534
0.921206
0.909789
0.917874
0.920269
0.908658
0.916746
0.906844
0.930799
0.924051
0.91068
0.911992
0.92345
0.923228
0.907603
0.912416
0.904853
0.900574
0.909091
0.904356
0.893396
0.912464
0.903286
0.912919
0.899232
0.917556
0.924345
0.921588
0.924419
0.907603
0.908484
0.912919
0.913462
0.916016
0.90797
0.912214
0.915076
0.921435
0.924051
0.915222
0.914587
0.905172
0.917064
0.890047
0.911237
0.918841
0.922776
0.922414
0.914646
0.911111
0.927255
0.906551
0.906933
0.905172
0.90381
0.905497
0.918426
0.904348
0.910939
0.929264
0.920849
0.926471
0.894444
0.904762
0.909179
0.919417
0.925854
0.898758
0.910048
0.906489
0.911623
0.916185
0.910663
0.900763
0.919496
0.897533
0.926033
0.925024
0.907781
0.895184
0.908057
0.920802
0.904762
0.91358
0.904031
0.91448
0.906844
0.917148
0.914341
0.922115
0.910646
0.914751
0.90586
0.89678
0.915698
0.920192
0.903683
0.90961
0.9125
0.889823
0.908566
0.910663
0.915628
0.907372
0.909438
0.915122
0.908918
0.933267
0.904807
0.912331
0.926614
0.916424
0.886216
0.905263
0.912875
0.923152
0.913333
0.930596
0.922705
0.907958
0.921154
0.916427
0.913676
0.914995
0.918367
0.917315
0.926214
0.927593
0.919652
0.905804
0.900935
0.900568
0.899335
0.917466
0.924584
0.911538
0.917308
0.920976
0.916505
0.922103
0.912875
0.911025
0.903134
0.902392
0.915385
0.920588
0.916586
0.930762
0.919291
0.917476
0.906755
0.914729
0.91401
0.91866
0.909953
0.909003
0.913043
0.925563
0.907795
0.904163
0.896519
0.896392
0.916667
0.927734
0.904853
0.903534
0.908057
0.904853
0.922625
0.916104
0.904807
0.904405
0.921722
0.922929
0.905714
0.92123
0.931641
0.922027
0.92878
0.908318
0.909091
0.930732
0.916507
0.923002
0.920926
0.934185
0.929273
0.920269
0.919153
0.913793
0.913211
0.913168
0.901515
0.923745
0.902697
0.915452
0.920543
0.913926
0.902184
0.914176
0.928783
0.927043
0.904175
0.923304
0.907372
0.900662
0.919182
0.92822
0.917715
0.905894
0.910834
0.921782
0.919075
0.907781
0.903568
0.910749
0.911793
0.912536
0.923003
0.91683
0.907882
0.914341
0.896054
0.906667
0.910731
0.909524
0.913958
0.912214
0.914367
0.905081
0.908222
0.91514
0.914894
0.908309
0.936087
0.908571
0.912214
0.917068
0.908829
0.911623
0.914995
0.923152
0.922488
0.908213
0.905804
0.94002
0.909524
0.927815
0.914341
0.921663
0.909709
0.917969
0.900662
0.904489
0.918762
0.915157
0.90797
0.896584
0.916747
0.909615
0.92878
0.899811
0.915076
0.905393
0.905894
0.924213
0.902857
0.90458
0.908658
0.907425
0.921002
0.927734
0.92123
0.91358
0.925854
0.910646
0.896226
0.915058
0.91514
0.92998
0.907767
0.912959
0.906667
0.910491
0.908301
0.905804
0.9125
0.916828
0.91371
0.925962
0.887736
0.911597
0.914258
0.905303
0.915799
0.91022
0.910232
0.91371
0.913592
0.919694
0.929633
0.924878
0.912875
0.907514
0.90604
0.922854
0.920422
0.894539
0.903409
0.9
0.938308
0.924638
0.92204
0.920744
0.910462
0.904986
0.92062
0.903901
0.914286
0.920311
0.918526
0.912195
0.913876
0.915319
0.909615
0.919463
0.90283
0.911992
0.922625
0.916586
0.912752
0.900952
0.904899
0.912281
0.921512
0.9
0.923524
0.922179
0.921078
0.909265
0.909091
0.910391
0.929064
0.899713
0.923226
0.91537
0.905624
0.9125
0.924345
0.89763
0.909091
0.911962
0.906844
0.920078
0.90595
0.903534
0.897533
0.918348
0.910391
0.907882
0.912214
0.926901
0.906578
0.922927
0.907266
0.89763
0.922265
0.927043
0.918762
0.914811
0.908832
0.924419
0.908918
0.918683
0.918526
0.903318
0.917795
0.918787
0.905588
0.917228
0.913085
0.90682
0.919496
0.92065
0.914914
0.910663
0.909004
0.902857
0.908397
0.921799
0.934506
0.924213
0.916505
0.911907
0.921283
0.922405
0.918033
0.910232
0.914367
0.917228
0.905033
0.917235
0.909354
0.911623
0.925024
0.914367
0.920696
0.908478
0.914093
0.913462
0.918945
0.918841
0.915861
0.907781
0.90613
0.901998
0.907781
0.905263
0.896552
0.924474
0.906999
0.90839
0.921875
0.896907
0.890347
0.89404
0.91514
0.929756
0.914729
0.906731
0.915942
0.925604
0.922255
0.91376
0.926285
0.916911
0.912919
0.905571
0.917939
0.909003
0.91376
0.925636
0.925097
0.910646
0.904356
0.913592
0.917315
0.915466
0.930187
0.905983
0.916031
0.915287
0.905804
0.914176
0.908832
0.918447
0.910048
0.931507
0.909004
0.914563
0.912381
0.914976
0.916746
0.914505
0.886064
0.916266
0.898662
0.903592
0.918605
0.910491
0.921663
0.899526
0.904031
0.913958
0.927866
0.916667
0.915861
0.916988
0.916266
0.923301
0.90604
0.906578
0.912548
0.910731
0.910766
0.899431
0.910577
0.912297
0.915698
0.904084
0.937439
0.902738
0.918033
0.909266
0.909884
0.919807
0.918426
0.910134
0.910939
0.925854
0.913127
0.911453
0.907869
0.90961
0.925315
0.896092
0.918526
0.910766
0.916507
0.909091
0.925854
0.907781
0.922854
0.923077
0.926036
0.907692
0.921182
0.917466
0.916747
0.913085
0.915942
0.917889
0.916908
0.909782
0.899431
0.913876
0.924584
0.918683
0.916667
0.915942
0.926254
0.914894
0.912879
0.917476
0.911793
0.911623
0.92278
0.916266
0.923598
0.919807
0.919574
0.922701
0.918526
0.920388
0.901923
0.909091
0.913211
0.900188
0.916427
0.893094
0.908046
0.920115
0.904671
0.922631
0.897196
0.914646
0.913211
0.914669
0.914176
0.915942
0.919339
0.914811
0.92233
0.909702
0.90283
0.921512
0.909178
0.911736
0.914995
0.916505
0.907443
0.912464
0.916587
0.916016
0.916667
0.919617
0.92113
0.904762
0.917228
0.925709
0.924951
0.913725
0.924051
0.924827
0.919386
0.922705
0.916427
0.900568
0.907958
0.925024
0.910048
0.905482
0.906641
0.91595
0.901624
0.909528
0.917625
0.908829
0.914995
0.901037
0.923604
0.914833
0.923671
0.92113
0.910038
0.917466
0.92
0.903626
0.897436
0.918841
0.913843
0.909875
0.923003
0.917782
0.89562
0.928501
0.905081
0.922701
0.921359
0.92451
0.921053
0.907781
0.927664
0.917939
0.899335
0.915222
0.903683
0.921588
0.909438
0.92549
0.923598
0.918893
0.914976
0.91358
0.91109
0.914811
0.908571
0.898971
0.902184
0.916179
0.909178
0.927664
0.918288
0.919884
0.927536
0.924419
0.917387
0.914505
0.909702
0.893939
0.913725
0.919729
0.912548
0.924436
0.915466
0.908654
0.914587
0.916346
0.926614
0.911962
0.929481
0.908134
0.916746
0.914751
0.913378
0.916427
0.915466
0.914423
0.924345
0.928783
0.908571
0.917315
0.918288
0.912366
0.903534
0.915452
0.918129
0.934314
0.903774
0.934911
0.908404
0.91401
0.908918
0.912451
0.893797
0.912416
0.903382
0.914505
0.909266
0.917556
0.897998
0.910939
0.909354
0.926471
0.905749
0.911538
0.916346
0.914286
0.927734
0.919496
0.922255
0.911793
0.912429
0.917636
0.916992
0.90237
0.915076
0.929481
0.911344
0.911793
0.901047
0.917636
0.903042
0.916427
0.91213
0.905444
0.915303
0.911848
0.911907
0.904398
0.906641
0.922473
0.919339
0.903349
0.912214
0.903042
0.923892
0.920666
0.912247
0.911907
0.914563
0.908484
0.90628
0.918367
0.907443
0.898592
0.907177
0.91401
0.901811
0.897998
0.912548
0.921951
0.897363
0.923604
0.927937
0.908144
0.92546
0.901422
0.922625
0.922255
0.901829
0.923671
0.917148
0.916985
0.908471
0.922244
0.904943
0.904084
0.912835
0.909789
0.910134
0.922103
0.907869
0.916266
0.902462
0.909441
0.917068
0.910391
0.92451
0.899335
0.92278
0.912451
0.918288
0.904943
0.908309
0.921875
0.904084
0.903377
0.91358
0.919574
0.923598
0.928919
0.908917
0.92189
0.901235
0.915628
0.918033
0.907958
0.926712
0.900474
0.917308
0.910646
0.910405
0.916667
0.927255
0.92451
0.903846
0.912416
0.914093
0.913295
0.914833
0.913843
0.914646
0.912835
0.91126
0.915058
0.910731
0.909348
0.899048
0.909696
0.92278
0.909789
0.898289
0.904489
0.920744
0.906999
0.92233
0.909179
0.923762
0.922244
0.919574
0.911708
0.905263
0.909351
0.920498
0.901246
0.902486
0.905571
0.901608
0.909875
0.911932
0.92219
0.919261
0.906933
0.912957
0.898113
0.909524
0.922027
0.905804
0.917387
0.92189
0.907958
0.914204
0.921078
0.918367
0.916586
0.900474
0.91404
0.92517
0.910305
0.901794
0.904031
0.909351
0.921002
0.910749
0.908832
0.932551
0.911429
0.903007
0.903164
0.909528
0.908658
0.907721
0.930528
0.917889
0.901887
0.900474
0.911708
0.907795
0.92062
0.917874
0.907336
0.911111
0.904084
0.918367
0.911793
0.914646
0.910546
0.920269
0.915385
0.905354
0.918866
0.897363
0.922556
0.909441
0.938185
0.920574
0.911197
0.924878
0.907266
0.898971
0.925563
0.905838
0.903534
0.900376
0.915616
0.914669
0.907514
0.907514
0.919496
0.925998
0.918426
0.904084
0.911429
0.913211
0.909091
0.910048
0.911623
0.914505
0.90631
0.916342
0.912451
0.910577
0.921359
0.913208
0.904532
0.921588
0.90604
0.924731
0.907882
0.91109
0.910476
0.922321
0.90595
0.915303
0.909268
0.911175
0.908566
0.892176
0.91404
0.895038
0.92233
0.915779
0.891714
0.890995
0.900662
0.915616
0.919417
0.904356
0.912331
0.914587
0.912875
0.90628
0.903901
0.899425
0.918605
0.920976
0.916346
0.912835
0.923003
0.917715
0.898482
0.900376
0.903901
0.919884
0.90746
0.910663
0.913628
0.901829
0.916667
0.918997
0.912046
0.905075
0.91448
0.913926
0.913662
0.911453
0.90283
0.916828
0.935771
0.928919
0.916988
0.909179
0.91595
0.916266
0.897653
0.909441
0.913508
0.902392
0.915616
0.910834
0.909528
0.918841
0.923679
0.92123
0.917068
0.922549
0.905714
0.907795
0.916185
0.91404
0.907354
0.916031
0.91109
0.927579
0.909351
0.910834
0.911368
0.904175
0.909528
0.907266
0.915466
0.904123
0.924051
0.914423
0.908134
0.905444
0.910749
0.915385
0.919961
0.89424
0.91453
0.915547
0.910476
0.912584
0.915385
0.930392
0.917396
0.905081
0.901887
0.908829
0.904899
0.911197
0.921435
0.901246
0.920115
0.909438
0.907285
0.913545
0.906692
0.922103
0.903468
0.912548
0.920354
0.903042
0.912015
0.900866
0.913628
0.921588
0.908742
0.915861
0.909178
0.92204
0.912451
0.911005
0.909177
0.910134
0.923535
0.91092
0.927114
0.922481
0.913168
0.912264
0.926758
0.934197
0.906489
0.923152
0.924419
0.915466
0.908577
0.912879
0.916346
0.933202
0.91945
0.912584
0.919231
0.909438
0.911368
0.906489
0.92219
0.901141
0.891061
0.914093
0.923077
0.897998
0.919231
0.900763
0.905431
0.91165
0.918191
0.912919
0.917861
0.916346
0.916747
0.914093
0.925197
0.91376
0.914995
0.928291
0.915157
0.916667
0.908134
0.911793
0.905393
0.893797
0.92878
0.919417
0.91404
0.918112
0.925926
0.912919
0.907354
0.923152
0.924184
0.915547
0.921663
0.911962
0.905081
0.914122
0.920311
0.916098
0.915628
0.91376
0.905172
0.916747
0.917808
0.919574
0.918468
0.92998
0.912214
0.915616
0.909091
0.908832
0.923152
0.92589
0.929204
0.901905
0.930934
0.903592
0.911538
0.912077
0.917068
0.911404
0.893996
0.926829
0.914995
0.915628
0.931574
0.90628
0.927326
0.918945
0.901979
0.915466
0.921359
0.905081
0.926829
0.910476
0.91092
0.911153
0.925636
0.916098
0.912919
0.916424
0.923902
0.922481
0.910834
0.911111
0.909265
0.917954
0.912835
0.91401
0.909782
0.919652
0.921381
0.915222
0.91556
0.941235
0.919574
0.905213
0.91683
0.917308
0.900943
0.908745
0.903349
0.92589
0.909091
0.916586
0.923375
0.908484
0.918605
0.92878
0.905894
0.920388
0.912046
0.90604
0.917703
0.909962
0.900579
0.902347
0.934132
0.912464
0.921283
0.911681
0.907109
0.896165
0.91213
0.91371
0.914833
0.92123
0.910305
0.916505
0.91587
0.908046
0.901794
0.908745
0.930187
0.905081
0.917636
0.918129
0.916266
0.920976
0.914976
0.899057
0.904031
0.91619
0.909962
0.919024
0.9125
0.900574
0.906161
0.903226
0.899247
0.918191
0.921206
0.930693
0.916104
0.917874
0.923977
0.916346
0.892891
0.908742
0.898687
0.914505
0.92233
0.904265
0.924125
0.910491
0.915861
0.912752
0.931034
0.922481
0.908571
0.912621
0.917228
0.916427
0.911793
0.908222
0.914314
0.924287
0.908309
0.929563
0.905983
0.903349
0.908222
0.915466
0.906524
0.911848
0.916507
0.912046
0.906667
0.913255
0.911565
0.920388
0.924975
0.906844
0.921053
0.918582
0.910834
0.925197
0.917068
0.914367
0.922027
0.92546
0.910405
0.903901
0.905624
0.917939
0.908832
0.90961
0.929756
0.913086
0.909179
0.93083
0.901701
0.89746
0.919807
0.914894
0.929619
0.916746
0.924492
0.920849
0.918191
0.909702
0.922852
0.909875
0.918526
0.903134
0.92546
0.909789
0.910038
0.910305
0.91126
0.916988
0.90604
0.91514
0.901608
0.917728
0.923379
0.921951
0.915222
0.909971
0.909265
0.907531
0.907692
0.926398
0.912668
0.898209
0.903846
0.916185
0.923151
0.912247
0.922776
0.919884
0.925532
0.906667
0.89424
0.91954
0.911877
0.915789
0.903534
0.91401
0.919417
0.922473
0.927593
0.933137
0.922321
0.913744
0.931305
0.914122
0.917308
0.913498
0.910491
0.899906
0.922631
0.917476
0.924492
0.906516
0.910561
0.921799
0.917068
0.926686
0.90444
0.902277
0.890244
0.902132
0.92204
0.910232
0.918526
0.912331
0.899531
0.92123
0.892351
0.904808
0.922776
0.914423
0.904716
0.908478
0.917068
0.922481
0.916505
0.916104
0.916985
0.904306
0.907354
0.92204
0.919103
0.91572
0.905172
0.901794
0.921283
0.913416
0.920466
0.920311
0.909351
0.917556
0.918208
0.914894
0.920345
0.908046
0.909265
0.914449
0.914894
0.912046
0.92543
0.906755
0.919261
0.907603
0.903318
0.917148
0.931202
0.905804
0.905314
0.899436
0.918683
0.909962
0.916427
0.912668
0.908832
0.918269
0.910731
0.912247
0.917068
0.910134
0.905263
0.904306
0.90604
0.898305
0.926398
0.919231
0.922481
0.921053
0.912959
0.929911
0.909867
0.908654
0.926972
0.920976
0.918348
0.910134
0.91371
0.917148
0.917466
0.915039
0.909615
0.913333
0.903992
0.917466
0.922473
0.913676
0.923226
0.936275
0.927326
0.929469
0.916111
0.903626
0.916179
0.913508
0.924805
0.920926
0.90595
0.904348
0.910048
0.916185
0.911736
0.911368
0.917715
0.894688
0.917556
0.909615
0.919153
0.917466
0.918269
0.921569
0.919075
0.929134
0.925315
0.916747
0.884651
0.913676
0.901515
0.908654
0.915076
0.911962
0.917485
0.911736
0.912416
0.921078
0.913085
0.900858
0.914729
0.908309
0.914176
0.907721
0.915709
0.918447
0.925604
0.906516
0.910491
0.912214
0.92471
0.906161
0.908654
0.927184
0.911344
0.925243
0.915547
0.91595
0.911992
0.900474
0.915385
0.903534
0.921588
0.923152
0.922027
0.912621
0.908742
0.914093
0.903683
0.908571
0.924951
0.917546
0.899809
0.912791
0.919807
0.911344
0.914176
0.910232
0.907619
0.922265
0.918762
0.916667
0.917387
0.925024
0.917315
0.917782
0.922179
0.916507
0.911479
0.932105
0.923375
0.919103
0.915628
0.923745
0.912668
0.913545
0.921154
0.921283
0.920115
0.899906
0.912536
0.910959
0.911453
0.917954
0.925676
0.92219
0.907603
0.913843
0.923819
0.912381
0.909875
0.921283
0.903648
0.918997
0.920849
0.909971
0.911708
0.913545
0.912416
0.9109
0.920156
0.913085
0.923965
0.918033
0.915942
0.925926
0.900383
0.918049
0.915942
0.918269
0.907634
0.914423
0.913876
0.913211
0.895338
0.912077
0.909782
0.924492
0.892523
0.912162
0.919884
0.920115
0.92546
0.899526
0.911538
0.915385
0.915861
0.915709
0.908745
0.914995
0.922027
0.91334
0.910134
0.907354
0.91537
0.910058
0.912214
0.909782
0.920197
0.901328
0.900568
0.897844
0.899618
0.897727
0.928642
0.90595
0.930255
0.895283
0.91453
0.904215
0.915222
0.901515
0.900662
0.905033
0.921053
0.909351
0.909696
0.919765
0.921471
0.910232
0.921027
0.921815
0.920388
0.911005
0.926972
0.907869
0.919417
0.904398
0.920696
0.909091
0.916587
0.918447
0.916587
0.906731
0.918173
0.904356
0.911513
0.897998
0.906072
0.916342
0.918919
0.919153
0.907619
0.892453
0.914423
0.915628
0.919961
0.901905
0.919339
0.921492
0.918605
0.888889
0.907781
0.92113
0.908046
0.917715
0.898496
0.909004
0.913894
0.915789
0.908231
0.916023
0.912621
0.924272
0.902439
0.924419
0.906339
0.915534
0.916346
0.904899
0.911175
0.921154
0.92233
0.909962
0.918288
0.909091
0.910577
0.92738
0.908918
0.91213
0.913295
0.905303
0.90631
0.915547
0.917315
0.925024
0.907677
0.914646
0.915466
0.904031
0.915238
0.922481
0.917874
0.925344
0.918208
0.903754
0.912366
0.918945
0.912835
0.908222
0.915466
0.90625
0.912835
0.905303
0.91371
0.895283
0.902277
0.91371
0.904943
0.911597
0.914122
0.933137
0.908829
0.895932
0.917073
0.913295
0.927451
0.909441
0.918426
0.922776
0.91683
0.929342
0.932419
0.916342
0.922339
0.927237
0.908301
0.907547
0.898289
0.929688
0.916667
0.904398
0.918426
0.912162
0.906844
0.907882
0.914751
0.922255
0.909178
0.910405
0.930392
0.922179
0.914093
0.914729
0.907781
0.900763
0.91126
0.914505
0.917874
0.907177
0.90961
0.918816
0.908915
0.910834
0.905354
0.928711
0.914176
0.913127
0.914976
0.9
0.908826
0.914894
0.918049
0.894487
0.90038
0.911877
0.907882
0.917308
0.919231
0.920926
0.910476
0.911822
0.918812
0.911877
0.903226
0.907781
0.914587
0.916667
0.91587
0.918605
0.906489
0.920926
0.908309
0.923151
0.92607
0.917068
0.913793
0.919617
0.907354
0.910305
0.912919
0.904717
0.911992
0.906399
0.918841
0.911992
0.904356
0.897073
0.929481
0.907531
0.919417
0.92517
0.907619
0.914669
0.909789
0.909875
0.915779
0.917782
0.920192
0.907547
0.91587
0.919182
0.921875
0.911681
0.918426
0.907531
0.913907
0.901141
0.915534
0.912046
0.917874
0.909438
0.921645
0.913545
0.917476
0.924492
0.911025
0.919386
0.911111
0.910048
0.917636
0.911069
0.91068
0.902205
0.908057
0.905123
0.905444
0.925024
0.919807
0.913793
0.924805
0.916098
0.915709
0.899144
0.897313
0.919529
0.902857
0.905714
0.913295
0.899621
0.924051
0.912916
0.917476
0.912046
0.915779
0.916424
0.910663
0.914563
0.904265
0.907795
0.908917
0.927734
0.916828
0.898401
0.911453
0.902277
0.909265
0.912416
0.917556
0.922927
0.935673
0.918033
0.918468
0.922705
0.922255
0.897241
0.916746
0.926993
0.90746
0.929204
0.913592
0.921053
0.900188
0.905405
0.924783
0.92657
0.905354
0.922701
0.912046
0.92451
0.909875
0.915861
0.922405
0.915942
0.918683
0.906578
0.914563
0.912752
0.915616
0.904175
0.919417
0.9125
0.91068
0.912584
0.928919
0.891635
0.918426
0.921875
0.909441
0.907603
0.91109
0.923965
0.912247
0.912621
0.923077
0.927237
0.915303
0.905123
0.909533
0.910318
0.920821
0.912297
0.911453
0.913424
0.923524
0.912536
0.930029
0.914587
0.910646
0.909004
0.907531
0.918683
0.923604
0.918504
0.910985
0.906641
0.904225
0.91371
0.901593
0.911046
0.914914
0.933333
0.911429
0.916427
0.913211
0.916988
0.923375
0.916507
0.910561
0.923902
0.91092
0.910134
0.902392
0.909875
0.923375
0.92113
0.922027
0.911197
0.922481
0.923529
0.918269
0.906015
0.916427
0.919617
0.911344
0.923754
0.91165
0.913876
0.907109
0.901829
0.908832
0.920269
0.895594
0.90691
0.907958
0.918017
0.906339
0.913876
0.924272
0.908571
0.910134
0.911708
0.919563
0.925388
0.918582
0.903864
0.922405
0.91401
0.932039
0.912214
0.900943
0.914611
0.907246
0.910834
0.922625
0.919687
0.917068
0.925197
0.896682
0.908222
0.90595
0.910731
0.911197
0.909696
0.917636
0.918367
0.908134
0.901316
0.916988
0.912046
0.916261
0.900943
0.907354
0.923902
0.923679
0.922103
0.904398
0.917308
0.909524
0.911153
0.924198
0.910391
0.910048
0.905263
0.911793
0.924855
0.898578
0.914563
0.908231
0.912835
0.924198
0.909263
0.912752
0.913211
0.924492
0.910749
0.911404
0.911681
0.913378
0.889727
0.914505
0.927094
0.909351
0.900095
0.925315
0.925315
0.91423
0.92955
0.914423
0.917954
0.901979
0.911344
0.916505
0.913744
0.921435
0.907619
0.917808
0.914692
0.91092
0.914341
0.905263
0.925144
0.918504
0.912919
0.933464
0.915385
0.914423
0.900474
0.920115
0.909351
0.908046
0.909867
0.921359
0.911453
0.914729
0.899716
0.92065
0.907246
0.907531
0.914751
0.907514
0.910491
0.918367
0.900285
0.898192
0.908397
0.914505
0.918269
0.906399
0.911708
0.890141
0.921722
0.921512
0.928364
0.916427
0.910145
0.907246
0.927522
0.902392
0.907603
0.912668
0.901685
0.917228
0.918919
0.911538
0.921663
0.919153
0.913462
0.926108
0.926901
0.919261
0.898386
0.926285
0.908658
0.907869
0.918683
0.903134
0.911306
0.918348
0.908658
0.909266
0.898649
0.907781
0.910491
0.905588
0.915547
0.903718
0.915222
0.911907
0.912959
0.913508
0.912331
0.917148
0.908658
0.920696
0.915628
0.907354
0.923671
0.905444
0.912668
0.89108
0.909528
0.922255
0.90595
0.918288
0.917782
0.912835
0.915466
0.904762
0.915076
0.929204
0.920849
0.916266
0.923077
0.923902
0.920696
0.916985
0.910419
0.921645
0.912631
0.906578
0.901435
0.898482
0.917235
0.909867
0.906399
0.905172
0.919884
0.901328
0.909875
0.900971
0.912416
0.932287
0.924361
0.920466
0.903683
0.923375
0.902922
0.907354
0.914286
0.899614
0.913744
0.904537
0.918173
0.90458
0.90604
0.920345
0.91371
0.916826
0.918208
0.90631
0.922927
0.908397
0.907869
0.913043
0.912621
0.904123
0.918033
0.905393
0.913628
0.908222
0.925315
0.916104
0.907177
0.89877
0.898401
0.920156
0.91022
0.924287
0.899716
0.919574
0.927326
0.91109
0.900574
0.91022
0.91126
0.890141
0.913043
0.917068
0.915466
0.927255
0.916826
0.913628
0.920156
0.929619
0.916988
0.914669
0.920115
0.915861
0.903318
0.931774
0.929619
0.909004
0.909528
0.901718
0.917064
0.917954
0.926181
0.901794
0.916261
0.913826
0.919417
0.923529
0.919182
0.910577
0.917315
0.91514
0.909091
0.916587
0.916104
0.907088
0.916992
0.924731
0.911623
0.91619
0.899335
0.903349
0.914093
0.910663
0.916748
0.910145
0.917315
0.919153
0.920422
0.911283
0.912706
0.92278
0.917387
0.927651
0.913628
0.903226
0.914729
0.919496
0.912919
0.922854
0.909263
0.910048
0.906933
0.907197
0.912835
0.915385
0.921512
0.921722
0.907443
0.911623
0.917466
0.918367
0.927945
0.917235
0.927326
0.907588
0.91371
0.910663
0.907547
0.917715
0.912919
0.918129
0.913333
0.899531
0.912752
0.90746
0.903042
0.921002
0.914833
0.911597
0.916342
0.918447
0.91109
0.924038
0.913002
0.92233
0.914093
0.923375
0.904084
0.915547
0.920156
0.92113
0.9125
0.91381
0.904031
0.903534
0.909178
0.896714
0.908829
0.904853
0.913793
0.918269
0.91954
0.923152
0.901794
0.908046
0.916429
0.91448
0.919617
0.904447
0.923679
0.918738
0.906427
0.919261
0.900952
0.90691
0.90613
0.924272
0.903134
0.914729
0.926972
0.919811
0.908309
0.901905
0.921078
0.915157
0.903626
0.909441
0.913793
0.922103
0.918447
0.928155
0.912214
0.904045
0.9125
0.907692
0.921965
0.911479
0.909789
0.907634
0.904762
0.914093
0.907795
0.916346
0.90566
0.935231
0.918997
0.916746
0.920345
0.917315
0.912162
0.92233
0.912109
0.910816
0.921739
0.923902
0.924678
0.917636
0.909091
0.918605
0.899152
0.916988
0.909265
0.913793
0.911623
0.897921
0.914341
0.920849
0.918269
0.908918
0.905354
0.908566
0.912791
0.929756
0.913255
0.916023
0.921569
0.917874
0.927184
0.917969
0.929064
0.905804
0.90625
0.907721
0.909091
0.908057
0.906461
0.918997
0.912331
0.918033
0.916667
0.898386
0.905624
0.918269
0.913127
0.917387
0.910048
0.918288
0.909265
0.911907
0.908301
0.919339
0.937743
0.906578
0.922255
0.919075
0.896226
0.914914
0.913295
0.894195
0.923679
0.915385
0.901998
0.910048
0.923754
0.915385
0.914669
0.903134
0.909438
0.913168
0.918017
0.92189
0.915238
0.913545
0.919652
0.921663
0.924345
0.922115
0.91448
0.920354
0.904225
0.905081
0.921078
0.904671
0.919463
0.91022
0.903992
0.920115
0.907692
0.904356
0.907692
0.918919
0.911175
0.907707
0.909434
0.898482
0.911283
0.920039
0.9109
0.908134
0.907177
0.911623
0.914176
0.919075
0.90797
0.925243
0.907109
0.917396
0.908917
0.911822
0.92233
0.910491
0.910405
0.917228
0.913876
0.921002
0.937747
0.899335
0.919075
0.90283
0.918367
0.916667
0.911708
0.912875
0.915157
0.919308
0.912584
0.913416
0.907285
0.910476
0.922255
0.916346
0.921815
0.917954
0.928295
0.909528
0.928502
0.917143
0.917715
0.90566
0.911111
0.934185
0.918112
0.905354
0.914341
0.90691
0.914505
0.92233
0.918426
0.889943
0.90631
0.911005
0.909003
0.914751
0.912713
0.909351
0.925636
0.903683
0.901624
0.920078
0.927875
0.913295
0.904447
0.898192
0.90499
0.924658
0.909266
0.908134
0.907707
0.903626
0.914587
0.923745
0.922179
0.911344
0.907088
0.914093
0.918049
0.900568
0.914314
0.896226
0.922255
0.90499
0.901141
0.917466
0.911005
0.915547
0.923077
0.919339
0.909884
0.917476
0.920588
0.915942
0.923965
0.91564
0.914894
0.917546
0.907514
0.897363
0.903558
0.915058
0.922115
0.929619
0.91683
0.911623
0.920744
0.917715
0.930392
0.908742
0.9125
0.911907
0.902672
0.917148
0.914669
0.89877
0.907882
0.916427
0.911197
0.905444
0.903442
0.908658
0.903955
0.908484
0.916826
0.907514
0.917636
0.913926
0.921435
0.903626
0.922625
0.910405
0.922701
0.90961
0.919807
0.899807
0.911111
0.890141
0.916828
0.911877
0.904627
0.912366
0.916828
0.918348
0.909091
0.902347
0.924878
0.907177
0.906933
0.911513
0.899057
0.923819
0.895537
0.91423
0.913085
0.915187
0.91401
0.900574
0.91109
0.920233
0.900192
0.914341
0.923913
0.912214
0.905624
0.90622
0.910646
0.920311
0.902111
0.910491
0.901608
0.913628
0.912214
0.906489
0.908742
0.918112
0.909091
0.923604
0.92113
0.919261
0.928846
0.922027
0.927676
0.926829
0.917703
0.91404
0.914622
0.927945
0.90631
0.915534
0.914258
0.916023
0.923077
0.919024
0.908478
0.921512
0.92113
0.910491
0.917954
0.902857
0.906844
0.895579
0.925563
0.912247
0.904356
0.917874
0.913545
0.909524
0.918548
0.913545
0.917228
0.923679
0.909782
0.921435
0.917396
0.914505
0.906551
0.920926
0.912879
0.916185
0.902765
0.922255
0.913843
0.916266
0.909953
0.926758
0.909953
0.916185
0.921588
0.905804
0.917068
0.91404
0.932338
0.910749
0.916179
0.91587
0.901037
0.91165
0.910232
0.915942
0.911708
0.904084
0.914976
0.936149
0.919132
0.925197
0.90295
0.912752
0.918707
0.934314
0.914729
0.920269
0.925532
0.925926
0.907514
0.92123
0.92517
0.915058
0.923902
0.904447
0.907443
0.893996
0.914122
0.913211
0.914751
0.913545
0.903718
0.908832
0.90595
0.912584
0.896584
0.907767
0.907882
0.895793
0.937683
0.916179
0.909615
0.902277
0.916185
0.914729
0.927184
0.914706
0.916505
0.916427
0.910577
0.912621
0.919652
0.918866
0.918997
0.914258
0.922852
0.910048
0.91092
0.920233
0.912548
0.9109
0.904537
0.914176
0.919574
0.916266
0.911344
0.91022
0.917148
0.901515
0.90381
0.918348
0.921815
0.923902
0.919024
0.911005
0.928711
0.911708
0.917795
0.919103
0.903164
0.919339
0.916507
0.91548
0.919496
0.906551
0.92345
0.929412
0.936523
0.90586
0.906955
0.917625
0.911538
0.911877
0.91514
0.907443
0.921799
0.924436
0.909789
0.922255
0.909265
0.922625
0.914751
0.9
0.90604
0.913424
0.926614
0.898578
0.914914
0.922556
0.913171
0.924125
0.902111
0.926758
0.919261
0.916266
0.916266
0.908745
0.903901
0.914873
0.918683
0.928364
0.917556
0.902765
0.918033
0.928155
0.918526
0.910577
0.899531
0.913843
0.923375
0.912791
0.916023
0.909091
0.903468
0.912621
0.916266
0.902554
0.914587
0.907958
0.918762
0.904265
0.904537
0.912046
0.921965
0.923679
0.916747
0.920976
0.910491
0.925344
0.912331
0.915222
0.928711
0.898482
0.925417
0.90381
0.925417
0.910038
0.926428
0.923226
0.916992
0.918841
0.915547
0.914976
0.912416
0.917969
0.912451
0.914729
0.914894
0.912668
0.921722
0.907088
0.90613
0.908742
0.920773
0.896289
0.926901
0.918049
0.919496
0.908046
0.912416
0.941349
0.913378
0.916908
0.919182
0.925243
0.910491
0.91401
0.920466
0.913592
0.905624
0.931973
0.917546
0.924361
0.928988
0.909091
0.911197
0.896388
0.917556
0.927022
0.92471
0.923003
0.933268
0.915616
0.908222
0.907177
0.882245
0.915238
0.91213
0.918605
0.891566
0.905624
0.922631
0.913416
0.909179
0.909176
0.914976
0.913926
0.916747
0.914286
0.909005
0.904943
0.907129
0.911005
0.903626
0.918426
0.918683
0.927606
0.90283
0.911344
0.910048
0.913378
0.918787
0.909867
0.912416
0.920432
0.915861
0.899721
0.90085
0.919496
0.909884
0.909265
0.921435
0.913876
0.916667
0.918627
0.907354
0.923598
0.911368
0.930732
0.899057
0.911736
0.91109
0.901905
0.912668
0.919231
0.916266
0.899719
0.912109
0.909962
0.915303
0.916905
0.92546
0.924125
0.912584
0.908649
0.899813
0.905081
0.924051
0.91126
0.90961
0.927184
0.913876
0.91165
0.914751
0.915698
0.911321
0.912835
0.908917
0.914258
0.903042
0.928433
0.920269
0.917861
0.92433
0.894737
0.929342
0.929893
0.902299
0.913462
0.910506
0.927746
0.913424
0.9
0.919529
0.91514
0.924658
0.926758
0.91404
0.919884
0.889727
0.920466
0.909702
0.902277
0.910048
0.908478
0.908566
0.905213
0.91404
0.917715
0.92189
0.925049
0.92113
0.913843
0.918504
0.912536
0.909528
0.898095
0.913545
0.916266
0.902818
0.906755
0.906489
0.915385
0.900192
0.914449
0.929481
0.926398
0.909702
0.917396
0.919386
0.916992
0.902554
0.91404
0.920152
0.896878
0.90691
0.916667
0.902205
0.899526
0.921002
0.909091
0.92051
0.915616
0.898649
0.931238
0.903042
0.916747
0.901141
0.912162
0.919847
0.918426
0.935897
0.903349
0.890244
0.916828
0.88743
0.910561
0.91371
0.902072
0.897267
0.891767
0.914833
0.907157
0.920388
0.907354
0.903071
0.904084
0.918348
0.908654
0.920696
0.910391
0.911453
0.901608
0.90969
0.934847
0.904447
0.913545
0.910834
0.913002
0.898192
0.909438
0.917782
0.912381
0.920976
0.9035
0.923518
0.905804
0.917969
0.916667
0.919103
0.912835
0.922103
0.915799
0.904943
0.927664
0.918191
0.919308
0.909351
0.915466
0.911453
0.90237
0.917064
0.920773
0.926104
0.916992
0.918866
0.910058
0.908571
0.937808
0.917703
0.909004
0.906578
0.930487
0.906399
0.911708
0.901979
0.900763
0.899906
0.923529
0.919339
0.912046
0.913295
0.912548
0.918208
0.907197
0.93222
0.909265
0.906604
0.915709
0.917556
0.922556
0.924125
0.912919
0.914587
0.910985
0.912077
0.906731
0.906933
0.892925
0.912875
0.907781
0.906371
0.900469
0.908309
0.918526
0.915861
0.91514
0.928919
0.902277
0.913843
0.927363
0.935549
0.908134
0.900662
0.919729
0.917235
0.938431
0.917396
0.905033
0.922179
0.890141
0.913958
0.913926
0.910834
0.916667
0.912752
0.903901
0.907958
0.904031
0.917466
0.918129
0.929195
0.900858
0.924038
0.914258
0.907514
0.911197
0.914914
0.91022
0.916016
0.921663
0.918526
0.916667
0.911708
0.932236
0.91448
0.916747
0.918997
0.928361
0.90631
0.915303
0.913793
0.912959
0.929273
0.918762
0.909354
0.916507
0.91213
0.92
0.901235
0.914894
0.905393
0.911321
0.921951
0.917148
0.914587
0.927522
0.899811
0.930187
0.926614
0.911175
0.918526
0.912835
0.915466
0.910834
0.916667
0.902554
0.911736
0.908915
0.906999
0.906524
0.917228
0.905444
0.902579
0.925819
0.911708
0.912959
0.903042
0.923077
0.913416
0.916828
0.917068
0.911453
0.919308
0.899905
0.917315
0.922701
0.913211
0.924565
0.921492
0.904175
0.918945
0.932287
0.927805
0.925636
0.902765
0.916826
0.924584
0.918787
0.920726
0.923001
0.91109
0.906072
0.903901
0.916667
0.906641
0.904853
0.90295
0.897241
0.917703
0.90237
0.907531
0.903718
0.909789
0.904716
0.913462
0.914563
0.906933
0.928711
0.910123
0.908222
0.910731
0.906489
0.912919
0.908829
0.909621
0.906072
0.914367
0.911597
0.9109
0.917782
0.90595
0.904175
0.919182
0.915616
0.917715
0.917874
0.934783
0.918033
0.917636
0.917795
0.91371
0.915709
0.917861
0.921456
0.918191
0.912959
0.901422
0.903626
0.909178
0.911175
0.909179
0.913498
0.920498
0.91556
0.919075
0.908484
0.88806
0.909875
0.925024
0.918426
0.909696
0.92113
0.903718
0.9125
0.907882
0.911175
0.921645
0.900376
0.925123
0.912961
0.905679
0.913295
0.918191
0.911597
0.91109
0.914833
0.92822
0.919496
0.902392
0.901047
0.914789
0.904943
0.91213
0.913628
0.914563
0.907246
0.905033
0.902486
0.914811
0.906578
0.909875
0.903955
0.92345
0.918762
0.920233
0.918707
0.904671
0.901608
0.907946
0.935547
0.912668
0.904225
0.923454
0.905123
0.91448
0.923754
0.918033
0.90746
0.904762
0.915779
0.910405
0.919652
0.915779
0.910561
0.911283
0.919961
0.914811
0.907869
0.911344
0.917222
0.919153
0.912416
0.927043
0.926543
0.908222
0.911538
0.918762
0.914423
0.917222
0.923151
0.921799
0.902091
0.922854
0.912046
0.916507
0.912162
0.918526
0.913545
0.919339
0.898578
0.914505
0.912162
0.900669
0.900962
0.898113
0.917556
0.905534
0.923372
0.920696
0.898592
0.915466
0.925854
0.916992
0.910663
0.90604
0.915452
0.920773
0.913462
0.930596
0.915303
0.91165
0.907266
0.924618
0.895579
0.910232
0.91448
0.901923
0.923002
0.92
0.918191
0.919417
0.914122
0.913958
0.908745
0.923745
0.916667
0.908832
0.910134
0.905714
0.914976
0.903013
0.905749
0.910405
0.911005
0.928295
0.913462
0.907197
0.912791
0.906755
0.920849
0.913592
0.910145
0.922927
0.918816
0.91109
0.924419
0.924783
0.908654
0.907088
0.912668
0.913333
0.9035
0.919574
0.918605
0.89597
0.906578
0.932419
0.91022
0.911283
0.917782
0.916988
0.913002
0.918841
0.912247
0.910318
0.918919
0.896165
0.926686
0.911877
0.924198
0.913043
0.912214
0.916179
0.919961
0.92546
0.920898
0.913628
0.906551
0.915238
0.914423
0.911877
0.903939
0.92607
0.926758
0.912464
0.916587
0.916828
0.917396
0.917954
0.911907
0.910318
0.921951
0.914811
0.903774
0.922556
0.909003
0.922255
0.907266
0.931001
0.910123
0.916988
0.908309
0.9
0.924198
0.917235
0.904899
0.91092
0.901718
0.914341
0.891917
0.914976
0.923671
0.921305
0.916342
0.912706
0.922705
0.895735
0.900656
0.922849
0.915779
0.905983
0.900383
0.91371
0.923604
0.918504
0.914563
0.91022
0.901829
0.904717
0.896092
0.906427
0.913793
0.903409
0.913462
0.905804
0.908654
0.908397
0.906161
0.913545
0.907197
0.894587
0.903349
0.909782
0.919574
0.921531
0.908309
0.923077
0.916339
0.896226
0.91165
0.924762
0.905983
0.918683
0.920115
0.920466
0.906641
0.917954
0.935421
0.926686
0.908484
0.906461
0.929537
0.900282
0.906399
0.909265
0.919182
0.917396
0.912046
0.922255
0.916828
0.909265
0.909875
0.916911
0.904356
0.926614
0.909962
0.918526
0.920849
0.911623
0.911708
0.914669
0.917795
0.918526
0.915547
0.939783
0.904896
0.912548
0.907619
0.914258
0.917556
0.899618
0.925889
0.902462
0.928092
0.909441
0.911344
0.919182
0.907603
0.901057
0.918033
0.918367
0.902184
0.912416
0.897727
0.920466
0.92062
0.919231
0.926686
0.915303
0.928364
0.906999
0.916903
0.915222
0.912959
0.924584
0.915934
0.908745
0.903164
0.911681
0.905624
0.919652
0.919463
0.899809
0.916826
0.907021
0.912919
0.902554
0.917889
0.909263
0.915238
0.912381
0.923152
0.921053
0.919231
0.906161
0.923226
0.91448
0.912247
0.914894
0.920233
0.918288
0.90085
0.927945
0.906641
0.906604
0.922776
0.923445
0.918112
0.922103
0.905131
0.918191
0.921739
0.918033
0.91514
0.92123
0.911453
0.91109
0.911175
0.906887
0.915861
0.909354
0.911681
0.921283
0.905534
0.902647
0.914505
0.922405
0.920466
0.915861
0.905172
0.913958
0.918208
0.90604
0.909091
0.910506
0.902554
0.917387
0.900568
0.910577
0.904717
0.919103
0.923671
0.908745
0.914204
0.910663
0.919687
0.914258
0.913508
0.909962
0.897533
0.919961
0.92527
0.918816
0.926214
0.909265
0.916427
0.911907
0.927114
0.917466
0.894986
0.906667
0.90613
0.902579
0.90961
0.901501
0.919652
0.923304
0.911736
0.921965
0.915058
0.903409
0.905405
0.922625
0.917715
0.908917
0.924805
0.920233
0.9125
0.910731
0.945652
0.902017
0.92204
0.910714
0.926712
0.91595
0.913168
0.917387
0.894386
0.919574
0.90019
0.921588
0.914751
0.913498
0.911992
0.90085
0.888263
0.91022
0.89678
0.916747
0.907795
0.92123
0.908658
0.921588
0.917954
0.910577
0.919075
0.906339
0.899621
0.918841
0.911848
0.916908
0.916104
0.913295
0.912331
0.920543
0.924436
0.91448
0.907042
0.903442
0.910593
0.919339
0.915534
0.913876
0.913876
0.920976
0.910834
0.908658
0.897004
0.919153
0.905172
0.909528
0.910561
0.904306
0.928994
0.904398
0.920926
0.921875
0.909441
0.904943
0.910939
0.914563
0.916587
0.925926
0.92822
0.919261
0.924878
0.914093
0.908571
0.917715
0.911111
0.924125
0.916826
0.917954
0.903901
0.911962
0.905213
0.919496
0.912584
0.913592
0.904031
0.923598
0.905033
0.911197
0.920773
0.912416
0.912875
0.899335
0.912264
0.925097
0.90458
0.911623
0.918526
0.904671
0.916505
0.907781
0.928711
0.906489
0.904671
0.913843
0.912919
0.897436
0.903992
0.911429
0.913043
0.907285
0.919496
0.917795
0.921435
0.923301
0.904762
0.897073
0.911793
0.909441
0.889831
0.915534
0.918582
0.917715
0.904175
0.90237
0.907795
0.917154
0.916261
0.897998
0.918348
0.933268
0.920588
0.926686
0.918348
0.897073
0.910491
0.899716
0.904356
0.913002
0.905679
0.923226
0.914122
0.926398
0.906731
0.901624
0.91213
0.916185
0.931885
0.921645
0.919182
0.930732
0.911681
0.904348
0.912919
0.922631
0.912752
0.915157
0.902205
0.928571
0.913378
0.912919
0.913168
0.916585
0.920926
0.923679
0.917148
0.914505
0.916023
0.920926
0.903683
0.910985
0.918605
0.907266
0.892381
0.914176
0.913378
0.908654
0.920849
0.912796
0.920354
0.908654
0.914833
0.918447
0.91126
0.905033
0.899425
0.912015
0.921492
0.92065
0.91514
0.929187
0.930324
0.911111
0.92546
0.904215
0.903626
0.930732
0.899152
0.90237
0.9125
0.920696
0.923228
0.917556
0.904084
0.926686
0.909438
0.906161
0.912162
0.923077
0.914729
0.922488
0.895932
0.908309
0.909615
0.918208
0.919884
0.910749
0.910561
0.908301
0.909091
0.918683
0.935771
0.907707
0.912331
0.915547
0.914204
0.918129
0.928571
0.908057
0.92607
0.89434
0.901923
0.908832
0.918841
0.919884
0.922776
0.922255
0.907372
0.917308
0.914258
0.914122
0.920821
0.904584
0.915238
0.902765
0.923679
0.921435
0.904627
0.913168
0.899436
0.90566
0.927396
0.920192
0.906399
0.903442
0.93083
0.909953
0.914833
0.914646
0.90458
0.922927
0.933268
0.927536
0.908397
0.914423
0.921512
0.912835
0.91635
0.918288
0.921531
0.913958
0.930049
0.925926
0.905804
0.910058
0.913592
0.919153
0.911907
0.89684
0.913628
0.914646
0.909441
0.916746
0.916586
0.917874
0.908478
0.909178
0.916667
0.921435
0.917795
0.913628
0.910232
0.919884
0.913333
0.913843
0.901047
0.910145
0.907021
0.928919
0.922103
0.911283
0.902922
0.92471
0.912247
0.903042
0.922027
0.907958
0.908918
0.919339
0.914729
0.918997
0.916667
0.911153
0.90613
0.903901
0.915789
0.927734
0.915076
0.923001
0.908309
0.907443
0.909266
0.895283
0.902647
0.91866
0.907531
0.914093
0.918348
0.926805
0.906427
0.911623
0.918468
0.897143
0.912875
0.909091
0.922014
0.924638
0.918348
0.90237
0.929412
0.933071
0.912331
0.925315
0.910834
0.927237
0.926398
0.903226
0.908134
0.927396
0.910293
0.925344
0.90678
0.911368
0.908484
0.905303
0.919496
0.909875
0.908134
0.908832
0.919339
0.897196
0.90622
0.920466
0.909441
0.903901
0.905172
0.908745
0.9125
0.903592
0.913424
0.905444
0.922179
0.919496
0.928988
0.936087
0.905131
0.900376
0.901701
0.91537
0.923604
0.913958
0.912791
0.916908
0.91635
0.903318
0.913211
0.907266
0.915789
0.909265
0.911907
0.911736
0.90381
0.908213
0.897045
0.91448
0.908742
0.915547
0.912162
0.906755
0.905081
0.917874
0.914956
0.91564
0.92233
0.903013
0.923003
0.905354
0.915222
0.912584
0.917387
0.908035
0.933529
0.926853
0.917068
0.913127
0.91092
0.904671
0.902091
0.912875
0.90613
0.919153
0.923598
0.929204
0.893738
0.902765
0.926245
0.920543
0.925072
0.903626
0.915466
0.917861
0.914995
0.905444
0.918208
0.910048
0.901422
0.91635
0.91213
0.919574
0.923152
0.910391
0.916507
0.923892
0.901422
0.923228
0.907177
0.9125
0.899531
0.921965
0.915698
0.905033
0.919075
0.911237
0.912416
0.919694
0.908484
0.916992
0.906844
0.903349
0.916826
0.902256
0.922562
0.917715
0.910377
0.906667
0.90153
0.896878
0.912331
0.923228
0.923977
0.913168
0.902205
0.908046
0.90295
0.926972
0.918095
0.927866
0.906489
0.921588
0.913462
0.920311
0.914789
0.918426
0.925854
0.910646
0.907856
0.908213
0.919417
0.919261
0.915466
0.899247
0.931102
0.912584
0.914093
0.939901
0.914258
0.91866
0.907354
0.902256
0.902554
0.907531
0.917647
0.915076
0.924805
0.92
0.925819
0.9
0.924658
0.903318
0.918426
0.92607
0.931707
0.901624
0.914751
0.916667
0.916346
0.927165
0.925532
0.915628
0.918504
0.910318
0.925998
0.915604
0.884865
0.922556
0.919574
0.925636
0.906339
0.919807
0.912668
0.92219
0.910476
0.923298
0.899811
0.920666
0.922852
0.909091
0.918683
0.912584
0.907021
0.929273
0.909962
0.904031
0.902857
0.927114
0.915709
0.901067
0.917556
0.910048
0.921531
0.89746
0.905263
0.930029
0.91376
0.923671
0.910766
0.915385
0.90625
0.900952
0.90797
0.907407
0.928361
0.918095
0.899531
0.918997
0.916427
0.918367
0.918426
0.912046
0.916185
0.916828
0.913001
0.900285
0.90613
0.902277
0.903195
0.917795
0.920744
0.916586
0.902672
0.935231
0.912668
0.900192
0.928295
0.907177
0.911429
0.892655
0.918504
0.90381
0.91371
0.905405
0.929893
0.916346
0.915466
0.922549
0.913251
0.921815
0.908035
0.898961
0.916586
0.927875
0.914367
0.908231
0.907021
0.908057
0.905354
0.902111
0.910134
0.896617
0.916667
0.912195
0.908309
0.921154
0.913211
0.926782
0.90085
0.916667
0.9125
0.916421
0.911765
0.918841
0.895085
0.915861
0.913793
0.914976
0.922854
0.9125
0.916104
0.92
0.909091
0.906999
0.923151
0.910834
0.90622
0.909875
0.905983
0.918582
0.916427
0.924125
0.924565
0.919496
0.925998
0.911005
0.914505
0.921206
0.921722
0.907603
0.911877
0.910048
0.91514
0.914314
0.904045
0.913416
0.914093
0.918548
0.915466
0.912548
0.904532
0.915534
0.906667
0.912791
0.914914
0.907021
0.922167
0.918526
0.913043
0.923077
0.916988
0.914341
0.920345
0.90381
0.910391
0.918112
0.900669
0.918683
0.916185
0.910391
0.915628
0.912959
0.913002
0.921283
0.911321
0.928571
0.909091
0.917387
0.908134
0.888889
0.909441
0.917154
0.911565
0.915222
0.901141
0.905624
0.907443
0.919417
0.906371
0.919231
0.911368
0.888577
0.920926
0.888679
0.903718
0.924805
0.905642
0.917715
0.911368
0.902205
0.916339
0.910853
0.918367
0.904398
0.916988
0.908404
0.921283
0.913085
0.911453
0.913378
0.913043
0.924125
0.910731
0.915385
0.918997
0.919417
0.915222
0.911025
0.919729
0.912584
0.917148
0.913168
0.925024
0.910749
0.908917
0.909266
0.911623
0.921283
0.919103
0.905624
0.897901
0.905714
0.911877
0.91404
0.911538
0.912451
0.913295
0.909782
0.908144
0.909351
0.915698
0.902922
0.898866
0.915709
0.911025
0.904265
0.899811
0.917466
0.917808
0.913793
0.923819
0.903992
0.911623
0.906399
0.926368
0.907619
0.903442
0.911681
0.924272
0.896353
0.926142
0.918683
0.913168
0.90631
0.917396
0.921739
0.901624
0.917874
0.9109
0.912959
0.917148
0.913211
0.908654
0.916587
0.891509
0.917148
0.910048
0.92607
0.918447
0.911283
0.918738
0.905749
0.916427
0.913978
0.904123
0.920432
0.916179
0.921722
0.917308
0.902647
0.907177
0.909003
0.889623
0.910749
0.930898
0.926614
0.916031
0.908046
0.891917
0.907336
0.89924
0.923077
0.90619
0.92278
0.907531
0.91165
0.907021
0.894587
0.90381
0.916346
0.913876
0.905894
0.915942
0.918191
0.905263
0.914914
0.917969
0.919182
0.912919
0.909615
0.907946
0.907882
0.906551
0.908742
0.915303
0.903568
0.901141
0.908134
0.910405
0.921588
0.916346
0.925315
0.920543
0.900094
0.91954
0.904489
0.916988
0.919308
0.910491
0.920821
0.911877
0.909615
0.91407
0.912752
0.91514
0.925854
0.90295
0.92738
0.911962
0.919807
0.917715
0.921283
0.901037
0.917154
0.920666
0.927308
0.917315
0.923598
0.912416
0.911283
0.919386
0.919417
0.917954
0.919884
0.904123
0.900095
0.918191
0.90631
0.905679
0.910834
0.908134
0.909528
0.915861
0.920466
0.928854
0.925388
0.920543
0.917476
0.915789
0.920849
0.926758
0.907882
0.911793
0.902738
0.915698
0.907372
0.908571
0.918269
0.922705
0.9
0.924658
0.920543
0.920898
0.902857
0.911907
0.901328
0.924951
0.898782
0.91109
0.923524
0.908917
0.914669
0.916826
0.917235
0.909789
0.897921
0.920666
0.90604
0.914811
0.909528
0.910134
0.901624
0.909702
0.917308
0.917235
0.913002
0.907958
0.91954
0.923228
0.924272
0.91635
0.917874
0.915709
0.91866
0.922852
0.916111
0.910834
0.90797
0.90631
0.914692
0.918095
0.896617
0.907021
0.907067
0.902111
0.906015
0.917148
0.909091
0.903071
0.921569
0.911736
0.916908
0.916424
0.902978
0.901608
0.922103
0.900282
0.919529
0.916748
0.910749
0.91448
0.914995
0.910476
0.912584
0.901905
0.928988
0.926829
0.916908
0.926758
0.897608
0.91401
0.91401
0.918683
0.904175
0.919463
0.904398
0.920197
0.908478
0.906731
0.901422
0.900669
0.924565
0.925636
0.907285
0.905482
0.911111
0.923828
0.921739
0.901624
0.921588
0.907547
0.913002
0.926285
0.915861
0.912668
0.903534
0.908397
0.911175
0.905033
0.912247
0.905172
0.909519
0.936884
0.908484
0.919153
0.911344
0.936382
0.909434
0.901435
0.912331
0.920388
0.917315
0.908309
0.908829
0.903939
0.90113
0.903318
0.907692
0.904398
0.932617
0.916988
0.907946
0.903992
0.920898
0.907266
0.902486
0.905534
0.933788
0.902579
0.920432
0.92278
0.897436
0.923529
0.910318
0.909265
0.913378
0.907354
0.930596
0.917387
0.899335
0.922014
0.896422
0.91126
0.910134
0.921722
0.896067
0.917728
0.933852
0.898866
0.895138
0.910853
0.913378
0.921002
0.92278
0.924051
0.910816
0.910305
0.91371
0.91514
0.902392
0.929342
0.89548
0.926614
0.908577
0.907354
0.922255
0.908742
0.902462
0.916031
0.92271
0.90631
0.916111
0.902072
0.916427
0.903475
0.916747
0.902277
0.909962
0.907354
0.911513
0.913002
0.921078
0.917874
0.921359
0.908566
0.925532
0.918112
0.903901
0.919961
0.917387
0.925819
0.914914
0.903318
0.918208
0.909696
0.916746
0.909789
0.921283
0.914505
0.922927
0.891182
0.909528
0.91556
0.924951
0.915319
0.920156
0.912668
0.917954
0.912416
0.918997
0.917315
0.918447
0.915222
0.917874
0.921053
0.898674
0.915861
0.928988
0.907531
0.914341
0.91627
0.913251
0.922481
0.912077
0.916098
0.891407
0.925315
0.924565
0.913876
0.898876
0.932353
0.905263
0.917715
0.922701
0.920574
0.905769
0.930898
0.918033
0.912297
0.911962
0.920039
0.911175
0.916023
0.919807
0.904447
0.918762
0.903718
0.91213
0.903939
0.912668
0.916346
0.913295
0.920666
0.917715
0.915303
0.909519
0.900952
0.914995
0.901422
0.909177
0.921337
0.908571
0.925709
0.910816
0.908917
0.914286
0.913926
0.90283
0.913508
0.916988
0.927664
0.921663
0.908738
0.91376
0.916905
0.906578
0.912162
0.907958
0.906604
0.92657
0.907795
0.905983
0.918997
0.895594
0.916667
0.927094
0.92233
0.90622
0.927308
0.907808
0.921799
0.925926
0.922631
0.914976
0.916746
0.905482
0.898209
0.91587
0.914914
0.91092
0.91092
0.905769
0.924783
0.908309
0.901811
0.919024
0.910663
0.91404
0.910476
0.901887
0.909962
0.909004
0.905213
0.90237
0.908829
0.916992
0.905714
0.9303
0.908046
0.899436
0.90631
0.904215
0.924805
0.922167
0.92
0.911623
0.906161
0.902885
0.919075
0.908478
0.905624
0.910749
0.910232
0.922255
0.911992
0.905894
0.914751
0.903901
0.916747
0.917728
0.915779
0.91213
0.896811
0.900096
0.921739
0.904084
0.916266
0.920115
0.903754
0.905534
0.913744
0.918269
0.921053
0.905444
0.908742
0.906755
0.914833
0.917476
0.917308
0.922631
0.923754
0.920773
0.913251
0.914286
0.919765
0.913085
0.915385
0.910038
0.898496
0.900095
0.904356
0.910646
0.935231
0.908571
0.911962
0.917068
0.918348
0.918269
0.920773
0.918504
0.919844
0.914449
0.909696
0.915851
0.92204
0.900094
0.898131
0.923077
0.921359
0.905894
0.921359
0.91109
0.917556
0.917874
0.914894
0.922115
0.905172
0.912077
0.908484
0.907266
0.921435
0.922701
0.922481
0.891816
0.904306
0.904532
0.919417
0.92051
0.900756
0.913545
0.918504
0.899621
0.909528
0.910391
0.92189
0.909875
0.903195
0.914976
0.901246
0.916424
0.91595
0.919386
0.911538
0.904356
0.914505
0.908484
0.901701
0.919153
0.912835
0.919075
0.919574
0.917308
0.914423
0.907781
0.911877
0.920543
0.917222
0.907882
0.929273
0.918683
0.913085
0.9173
0.90586
0.913676
0.922255
0.922405
0.914341
0.904671
0.922631
0.897241
0.915122
0.910766
0.905033
0.911538
0.921002
0.911907
0.915628
0.910232
0.892554
0.91092
0.924901
0.916988
0.912281
0.913498
0.898289
0.914587
0.9
0.918191
0.905405
0.902277
0.92204
0.922339
0.917068
0.917068
0.910663
0.917148
0.916747
0.919103
0.911877
0.927885
0.919807
0.913894
0.914646
0.902256
0.912752
0.903718
0.909789
0.909178
0.907795
0.923671
0.910318
0.908222
0.904356
0.900282
0.914751
0.924125
0.916266
0.916667
0.917625
0.914729
0.892351
0.917228
0.915287
0.920666
0.9173
0.918191
0.917795
0.920115
0.901718
0.913043
0.923226
0.919291
0.900095
0.902111
0.906339
0.932485
0.917636
0.916261
0.917703
0.903901
0.922776
0.912875
0.919807
0.92822
0.917546
0.913127
0.916261
0.917625
0.921435
0.924951
0.904807
0.918033
0.915058
0.89837
0.899232
0.92233
0.90682
0.924805
0.905983
0.915076
0.920926
0.918526
0.921154
0.912919
0.916424
0.923226
0.920269
0.899906
0.923977
0.914729
0.914833
0.916266
0.91401
0.911597
0.927184
0.905303
0.923226
0.934132
0.914258
0.911538
0.915452
0.923902
0.924272
0.920039
0.910145
0.925676
0.900469
0.902818
0.903754
0.897653
0.904356
0.908484
0.934378
0.919652
0.918841
0.910853
0.926398
0.916908
0.899057
0.917466
0.902857
0.909524
0.923077
0.902791
0.908478
0.911005
0.914258
0.913002
0.910331
0.901422
0.904447
0.910561
0.901037
0.921053
0.924287
0.899618
0.900662
0.911283
0.918997
0.90613
0.929273
0.904671
0.918251
0.914204
0.927606
0.906551
0.917148
0.918504
0.915616
0.903754
0.910232
0.918447
0.902184
0.925854
0.912631
0.907157
0.910405
0.920039
0.912162
0.906072
0.898496
0.921435
0.92471
0.914341
0.924805
0.924565
0.926357
0.909445
0.907197
0.905033
0.918707
0.931373
0.905172
0.917387
0.917874
0.907619
0.915452
0.924805
0.909524
0.923375
0.918348
0.915238
0.929469
0.92189
0.918762
0.907619
0.909962
0.929619
0.90595
0.921456
0.913545
0.919231
0.912109
0.919182
0.911597
0.939664
0.912416
0.913676
0.926108
0.915779
0.923892
0.908222
0.92345
0.916023
0.922414
0.926923
0.930118
0.917235
0.910834
0.899904
0.915698
0.909005
0.912752
0.916667
0.919807
0.916988
0.923152
0.925781
0.902111
0.918288
0.909266
0.914751
0.926853
0.905444
0.916667
0.924731
0.915438
0.909696
0.918129
0.910561
0.918033
0.916098
0.922631
0.917148
0.912752
0.91092
0.898209
0.911877
0.922255
0.909354
0.912247
0.910561
0.908658
0.912331
0.91092
0.909789
0.907197
0.903534
0.917068
0.922115
0.917476
0.907547
0.928155
0.925962
0.915122
0.916586
0.919153
0.919844
0.922927
0.903134
0.910134
0.916342
0.92517
0.922103
0.928295
0.911793
0.920233
0.914587
0.908124
0.910853
0.90839
0.91126
0.935961
0.934442
0.903774
0.905123
0.909702
0.913043
0.93083
0.920311
0.918288
0.898467
0.905222
0.917466
0.910134
0.921078
0.931068
0.908484
0.906161
0.913251
0.914587
0.922852
0.904447
0.921002
0.904356
0.921739
0.893597
0.908917
0.916828
0.921002
0.909789
0.88972
0.911538
0.919231
0.885741
0.919729
0.920466
0.905213
0.920696
0.902184
0.907177
0.916905
0.913462
0.903592
0.909867
0.917566
0.912752
0.915076
0.921283
0.921645
0.903257
0.907498
0.90499
0.908658
0.914976
0.904624
0.927664
0.916988
0.91092
0.919884
0.909351
0.908829
0.909524
0.923828
0.905894
0.906667
0.913628
0.917148
0.913628
0.92278
0.910985
0.901887
0.9125
0.924198
0.908571
0.91126
0.925123
0.91448
0.915222
0.913295
0.911793
0.924783
0.920115
0.927396
0.923828
0.915452
0.927875
0.908318
0.918307
0.91404
0.904306
0.911111
0.901701
0.924584
0.906489
0.910134
0.91109
0.903257
0.918841
0.921965
0.914811
0.919024
0.908745
0.919844
0.918112
0.934698
0.923671
0.93083
0.916424
0.916586
0.919024
0.912366
0.919574
0.921492
0.918367
0.920976
0.919962
0.904943
0.923529
0.914669
0.905624
0.911283
0.917466
0.90961
0.918033
0.903592
0.91371
0.910663
0.917396
0.914423
0.915466
0.909354
0.917874
0.927308
0.910048
0.916908
0.925676
0.919231
0.914093
0.919729
0.917625
0.914505
0.915628
0.922549
0.921359
0.90458
0.900756
0.91587
0.919922
0.922927
0.917068
0.909884
0.909354
0.920311
0.912584
0.920039
0.924051
0.900282
0.913876
0.929412
0.910491
0.912181
0.903318
0.921435
0.90458
0.917703
0.920696
0.909615
0.905497
0.917068
0.895382
0.898592
0.909962
0.919807
0.914646
0.915466
0.91595
0.915547
0.909962
0.908222
0.914811
0.914341
0.906755
0.904489
0.914367
0.910038
0.916667
0.903992
0.924125
0.911822
0.9
0.920976
0.925532
0.913876
0.914587
0.907177
0.905983
0.908222
0.912584
0.926428
0.9
0.926782
0.9125
0.914341
0.923225
0.908213
0.931885
0.904398
0.897115
0.898674
0.918033
0.917308
0.911392
0.917148
0.899144
0.911283
0.924436
0.912668
0.904265
0.92062
0.911877
0.914423
0.901435
0.909867
0.906516
0.909875
0.91126
0.911453
0.909875
0.919617
0.905213
0.906999
0.891264
0.910593
0.905714
0.921875
0.907619
0.914669
0.912919
0.919231
0.924951
0.901608
0.904306
0.928854
0.908124
0.903409
0.900285
0.915222
0.901235
0.9125
0.889917
0.911453
0.901515
0.907514
0.90458
0.921799
0.919694
0.933659
0.905714
0.911513
0.92189
0.906427
0.914976
0.893058
0.907707
0.927094
0.910749
0.911453
0.90604
0.902647
0.907354
0.914833
0.901701
0.927875
0.919844
0.911962
0.911283
0.916908
0.917308
0.916427
0.921206
0.932087
0.922927
0.902462
0.925998
0.911538
0.923745
0.920311
0.906489
0.905983
0.902554
0.92546
0.905303
0.904175
0.90604
0.901515
0.91404
0.908918
0.932873
0.908654
0.91213
0.909004
0.913894
0.908124
0.919182
0.920354
0.922027
0.918787
0.919024
0.913211
0.895338
0.919922
0.912247
0.915779
0.917969
0.902392
0.92062
0.925676
0.910663
0.929756
0.924805
0.904265
0.900943
0.909178
0.915452
0.926641
0.917476
0.911237
0.911962
0.914587
0.920269
0.923671
0.909265
0.911736
0.899906
0.905714
0.92233
0.917396
0.911877
0.915157
0.911197
0.925417
0.923301
0.901223
0.910663
0.899526
0.917064
0.924125
0.916342
0.925747
0.907266
0.915779
0.906008
0.913876
0.917728
0.924805
0.907443
0.925532
0.913793
0.926036
0.904624
0.90797
0.909265
0.91126
0.89794
0.908577
0.907958
0.932673
0.919884
0.914894
0.925926
0.89717
0.895283
0.921435
0.916427
0.909615
0.907882
0.923152
0.911368
0.915466
0.916179
0.910048
0.910816
0.91165
0.907157
0.922625
0.924783
0.904716
0.921815
0.920976
0.921663
0.908478
0.910058
0.911538
0.923445
0.913907
0.917466
0.899618
0.909003
0.925563
0.905714
0.912631
0.915547
0.916424
0.91092
0.911623
0.914669
0.907088
0.921875
0.91401
0.927237
0.905213
0.907707
0.917566
0.918504
0.922701
0.907021
0.911793
0.926326
0.911822
0.919807
0.92607
0.90619
0.910577
0.914423
0.910123
0.91213
0.915385
0.910058
0.916828
0.920311
0.909091
0.898876
0.917068
0.916023
0.939364
0.91022
0.924184
0.923152
0.903592
0.902647
0.913043
0.934066
0.916104
0.929893
0.931641
0.909265
0.926782
0.923379
0.913085
0.915628
0.902235
0.923152
0.908134
0.91371
0.9125
0.903409
0.924257
0.901718
0.92189
0.922556
0.91371
0.921645
0.92233
0.914397
0.910749
0.915934
0.908222
0.918033
0.918269
0.904899
0.928364
0.910391
0.914449
0.913378
0.921722
0.914341
0.921722
0.905497
0.91122
0.915942
0.909091
0.913876
0.906933
0.908654
0.905534
0.903901
0.910305
0.912959
0.909178
0.914341
0.925344
0.916266
0.901047
0.917625
0.919961
0.914505
0.904943
0.906072
0.909524
0.911597
0.92204
0.914258
0.922631
0.917795
0.90682
0.912536
0.929563
0.925243
0.918447
0.907603
0.907692
0.918841
0.898386
0.92
0.889734
0.909789
0.918227
0.922625
0.903534
0.916747
0.915769
0.916908
0.898305
0.910577
0.915058
0.920118
0.918208
0.902205
0.910985
0.912109
0.916507
0.908484
0.899144
0.897267
0.908035
0.91587
0.899811
0.919386
0.894787
0.904356
0.897073
0.921359
0.910048
0.900474
0.908134
0.921815
0.916911
0.914646
0.908918
0.909438
0.917064
0.911992
0.928295
0.903195
0.903349
0.906578
0.911175
0.922244
0.922481
0.910134
0.917073
0.911538
0.902857
0.913168
0.915466
0.90153
0.924492
0.914669
0.907795
0.903992
0.928571
0.921078
0.901047
0.896878
0.917154
0.921815
0.917954
0.916828
0.913894
0.909266
0.905804
0.899329
0.908231
0.926614
0.917308
0.914873
0.924731
0.917636
0.909438
0.928709
0.91371
0.904671
0.914122
0.916016
0.911708
0.91126
0.920345
0.926686
0.928016
0.92278
0.918307
0.922103
0.926901
0.912835
0.901328
0.903226
0.915303
0.934951
0.905983
0.920156
0.923226
0.922414
0.919075
0.909696
0.917228
0.91514
0.913085
0.913793
0.918447
0.901057
0.901998
0.910816
0.912752
0.921078
0.913793
0.918762
0.915058
0.903738
0.904986
0.910318
0.908222
0.934825
0.920926
0.914341
0.913676
0.898662
0.911877
0.908491
0.914751
0.912631
0.901639
0.910318
0.90283
0.92113
0.923002
0.897727
0.907869
0.905534
0.917636
0.916908
0.901905
0.903318
0.913001
0.916342
0.909091
0.919884
0.90622
0.930255
0.921663
0.911479
0.914976
0.917308
0.91514
0.91514
0.926326
0.90444
0.913378
0.911793
0.915789
0.920976
0.904031
0.919153
0.917874
0.896519
0.913168
0.921739
0.904265
0.908222
0.924805
0.913958
0.917396
0.921663
0.912875
0.904899
0.924731
0.91537
0.89678
0.913843
0.898758
0.907354
0.915303
0.915287
0.92695
0.902647
0.911907
0.926357
0.912791
0.929481
0.920039
0.932683
0.910293
0.909091
0.919687
0.908397
0.908571
0.903754
0.933268
0.934249
0.905497
0.928711
0.91453
0.898192
0.91866
0.917715
0.915628
0.907603
0.925315
0.893195
0.903475
0.906667
0.898844
0.906099
0.909782
0.925388
0.913211
0.909867
0.912796
0.902277
0.910305
0.922556
0.918191
0.929057
0.915222
0.896682
0.917715
0.912584
0.924928
0.884004
0.925216
0.916031
0.908917
0.90678
0.900669
0.908301
0.918841
0.925636
0.918447
0.918033
0.910749
0.921206
0.925243
0.917315
0.905749
0.918919
0.907177
0.923002
0.913211
0.893939
0.920821
0.909528
0.915222
0.922701
0.911962
0.909971
0.922405
0.907498
0.897241
0.914258
0.92189
0.922556
0.927165
0.921965
0.897196
0.92062
0.905769
0.911907
0.908566
0.909091
0.913168
0.9035
0.912451
0.905894
0.917315
0.910731
0.902277
0.898592
0.90381
0.917808
0.930732
0.906161
0.919844
0.90586
0.90038
0.908057
0.902647
0.914729
0.917703
0.908404
0.90613
0.923529
0.912584
0.920388
0.925417
0.903992
0.921799
0.910232
0.90961
0.908742
0.919765
0.905769
0.923745
0.915466
0.921381
0.917148
0.911368
0.905804
0.921875
0.920345
0.903164
0.91514
0.912919
0.913725
0.915628
0.912416
0.925854
0.935231
0.918191
0.904306
0.915303
0.915709
0.924419
0.908484
0.915709
0.907285
0.919574
0.89717
0.900943
0.907177
0.915709
0.915303
0.910145
0.912214
0.90839
0.916505
0.919103
0.917546
0.914093
0.910134
0.904716
0.913043
0.917874
0.90691
0.919024
0.920311
0.92546
0.908318
0.913793
0.915789
0.922705
0.907619
0.904943
0.910834
0.922481
0.921078
0.913793
0.903568
0.92878
0.900095
0.912584
0.910853
0.898961
0.90631
0.912548
0.905983
0.912381
0.925024
0.918683
0.909351
0.927522
0.912791
0.905624
0.920233
0.906933
0.897436
0.905303
0.925417
0.918582
0.921078
0.902978
0.924111
0.92062
0.912752
0.91587
0.920976
0.909351
0.925747
0.903568
0.915287
0.91092
0.928155
0.895085
0.914833
0.907781
0.914751
0.922255
0.90797
0.923679
0.909789
0.900093
0.91548
0.911907
0.914341
0.937747
0.917636
0.912416
0.930664
0.917636
0.923524
0.909266
0.924419
0.918707
0.923762
0.907285
0.919574
0.917954
0.917556
0.910232
0.907634
0.908917
0.909621
0.918033
0.916586
0.913255
0.906667
0.89404
0.913958
0.921206
0.906933
0.904265
0.92607
0.917536
0.906933
0.894195
0.915205
0.922473
0.921078
0.912668
0.902486
0.90622
0.897556
0.915238
0.919417
0.921663
0.911538
0.898496
0.911681
0.917308
0.889508
0.912548
0.920039
0.897436
0.911283
0.919308
0.914976
0.911005
0.897241
0.920269
0.909621
0.903992
0.898113
0.922556
0.908829
0.913002
0.92113
0.913043
0.917154
0.92062
0.91619
0.901047
0.894491
0.92278
0.929134
0.91866
0.901316
0.911283
0.905444
0.923225
0.909351
0.911708
0.918997
0.914729
0.911025
0.916261
0.918866
0.923828
0.921283
0.908382
0.917546
0.906933
0.915934
0.919884
0.922103
0.90153
0.9125
0.915709
0.913043
0.917068
0.904123
0.913043
0.906692
0.917228
0.908832
0.921875
0.920233
0.896811
0.913926
0.918288
0.917148
0.91401
0.899254
0.916104
0.917889
0.924878
0.902738
0.907531
0.91022
0.907514
0.915779
0.907531
0.917228
0.909357
0.912331
0.933202
0.913926
0.918548
0.917154
0.904624
0.934442
0.908309
0.916179
0.910145
0.88972
0.911992
0.890772
0.917387
0.912297
0.913168
0.919961
0.918683
0.917476
0.934249
0.915779
0.896907
0.92471
0.908397
0.899144
0.910476
0.920696
0.896453
0.924805
0.899436
0.915385
0.892221
0.903955
0.91587
0.91371
0.906072
0.917308
0.923671
0.905714
0.924805
0.89877
0.900094
0.899247
0.924198
0.909351
0.907547
0.907795
0.904853
0.908484
0.909438
0.907619
0.9109
0.899335
0.923671
0.904306
0.910405
0.910834
0.915789
0.911453
0.914423
0.921206
0.921154
0.927593
0.930233
0.921206
0.924855
0.908826
0.913498
0.897727
0.934394
0.914258
0.912959
0.906578
0.914449
0.920115
0.911907
0.900568
0.917228
0.934378
0.905769
0.928711
0.927606
0.917703
0.912584
0.90625
0.910491
0.916667
0.912381
0.913168
0.920269
0.909266
0.922776
0.921283
0.916346
0.911538
0.925388
0.903846
0.92517
0.915157
0.909709
0.911479
0.929619
0.924658
0.90691
0.916266
0.927184
0.920696
0.936024
0.924257
0.923454
0.913628
0.912621
0.921492
0.899531
0.913793
0.901422
0.911197
0.918762
0.912796
0.911005
0.913378
0.92998
0.906099
0.918841
0.917148
0.912548
0.929342
0.911877
0.90085
0.909524
0.913127
0.914751
0.91334
0.914122
0.918191
0.92062
0.900669
0.898305
0.909178
0.91022
0.923226
0.911344
0.900943
0.923077
0.917068
0.923965
0.924855
0.904853
0.889616
0.911175
0.923077
0.910561
0.903013
0.910048
0.917148
0.92451
0.921815
0.916261
0.902111
0.925926
0.916266
0.912621
0.916587
0.928924
0.902072
0.926036
0.92527
0.910134
0.914751
0.905172
0.919496
0.913255
0.926829
0.921799
0.903901
0.909091
0.927664
0.922115
0.91126
0.914286
0.901794
0.927114
0.909438
0.907958
0.909438
0.900662
0.911877
0.904031
0.917068
0.907692
0.912046
0.917647
0.918945
0.910134
0.925243
0.924565
0.915547
0.908491
0.908571
0.923892
0.912297
0.909091
0.915698
0.910318
0.912381
0.91376
0.908478
0.915789
0.904762
0.914976
0.926686
0.907443
0.902534
0.923892
0.915222
0.915628
0.918738
0.91587
0.904624
0.917556
0.916667
0.913508
0.911111
0.928086
0.925388
0.921512
0.92738
0.920039
0.91401
0.90381
0.923379
0.899335
0.912297
0.913545
0.918762
0.916424
0.921305
0.923745
0.916261
0.911597
0.911111
0.913498
0.916427
0.908658
0.900952
0.92126
0.913462
0.926877
0.93144
0.917556
0.902647
0.897004
0.917068
0.913876
0.903939
0.915698
0.917795
0.910391
0.917476
0.913876
0.92189
0.921645
0.907021
0.917625
0.912046
0.914341
0.920269
0.927043
0.897436
0.916667
0.919961
0.921305
0.924198
0.919652
0.911877
0.925024
0.909789
0.909354
0.905804
0.906399
0.909091
0.91514
0.913085
0.92233
0.909265
0.91897
0.895382
0.902462
0.915303
0.921799
0.913043
0.916667
0.902647
0.917228
0.909266
0.908918
0.902462
0.928571
0.912162
0.918288
0.907795
0.931305
0.911283
0.910123
0.929481
0.917795
0.911571
0.901685
0.913628
0.911962
0.929057
0.905123
0.915303
0.909789
0.903349
0.902072
0.916911
0.910476
0.921053
0.913378
0.912297
0.916988
0.908742
0.918816
0.909441
0.909434
0.92113
0.91109
0.915076
0.918426
0.926972
0.915942
0.905804
0.915452
0.903134
0.902791
0.923002
0.908658
0.91126
0.920466
0.905123
0.912919
0.909528
0.896388
0.900095
0.899431
0.91401
0.918762
0.89717
0.917795
0.912416
0.904255
0.905624
0.923965
0.92278
0.924731
0.923828
0.908484
0.917715
0.916747
0.925197
0.914914
0.918447
0.90458
0.916667
0.922562
0.931507
0.921002
0.909953
0.921283
0.913378
0.904986
0.917396
0.914751
0.899906
0.905804
0.89619
0.911708
0.897267
0.91371
0.923977
0.921359
0.935357
0.905769
0.905444
0.914423
0.907869
0.932749
0.916828
0.919652
0.929563
0.918605
0.915303
0.907443
0.909615
0.916667
0.90631
0.917396
0.902922
0.919024
0.919182
0.917068
0.916266
0.914669
0.928008
0.916346
0.909962
0.909265
0.891738
0.916427
0.920466
0.922255
0.92062
0.905303
0.899906
0.912713
0.91022
0.922265
0.920156
0.917874
0.90797
0.923375
0.925243
0.910405
0.905123
0.909178
0.896519
0.916586
0.911368
0.923152
0.911344
0.91022
0.912162
0.912752
0.914894
0.911597
0.923003
0.912162
0.906161
0.907197
0.906844
0.902184
0.921799
0.925097
0.922405
0.905172
0.92062
0.915686
0.913002
0.91371
0.911283
0.918269
0.918866
0.921965
0.916586
0.898482
0.926829
0.898674
0.914258
0.901435
0.906641
0.915851
0.925532
0.925072
0.899431
0.918033
0.919574
0.919765
0.908484
0.921206
0.916667
0.909615
0.908471
0.920078
0.924272
0.89678
0.916828
0.915076
0.905714
0.916507
0.89777
0.909178
0.904398
0.90631
0.905804
0.911005
0.90691
0.909524
0.921512
0.921154
0.900094
0.915521
0.911479
0.910318
0.923977
0.915319
0.922929
0.919844
0.915222
0.914976
0.916185
0.912919
0.909696
0.915628
0.910048
0.915709
0.924492
0.913876
0.926972
0.917228
0.915628
0.921951
0.908309
0.904762
0.918049
0.917228
0.901794
0.902299
0.918605
0.921722
0.915222
0.915879
0.904123
0.905393
0.925781
0.910377
0.917715
0.911025
0.912416
0.915628
0.920228
0.914751
0.924272
0.917715
0.908478
0.909091
0.911368
0.917148
0.914204
0.92065
0.913416
0.9125
0.915238
0.92113
0.904671
0.916031
0.909867
0.917636
0.908231
0.914976
0.905983
0.931268
0.924928
0.89414
0.89424
0.910305
0.887337
0.930898
0.915303
0.898175
0.934394
0.925926
0.909621
0.924419
0.892045
0.903626
0.907197
0.91587
0.905571
0.913592
0.903195
0.920345
0.910048
0.920115
0.912584
0.914833
0.902256
0.911429
0.916424
0.911283
0.913255
0.911962
0.916748
0.896289
0.916749
0.92517
0.903718
0.911453
0.914751
0.913793
0.912247
0.915709
0.915709
0.919729
0.913926
0.914811
0.928291
0.917466
0.918191
0.913471
0.899809
0.924855
0.917636
0.911368
0.91109
0.898951
0.915799
0.906641
0.925962
0.905213
0.90019
0.887337
0.909179
0.910663
0.908057
0.927805
0.919771
0.904717
0.924272
0.92738
0.901811
0.925123
0.919339
0.905213
0.920976
0.895184
0.917625
0.90797
0.918033
0.895636
0.914449
0.882353
0.907177
0.905624
0.920432
0.916908
0.917969
0.909962
0.918526
0.912046
0.922115
0.902885
0.911708
0.90458
0.916988
0.899144
0.905804
0.913628
0.917315
0.910134
0.913462
0.911453
0.903901
0.89603
0.918997
0.911175
0.92113
0.913378
0.909265
0.887442
0.908749
0.905804
0.92546
0.923077
0.907619
0.898289
0.914587
0.905571
0.911907
0.916905
0.895833
0.896289
0.903042
0.931907
0.894487
0.93399
0.912247
0.916185
0.908134
0.915222
0.918762
0.912835
0.907266
0.923002
0.924051
0.921381
0.920039
0.896744
0.917808
0.919153
0.911877
0.922405
0.898401
0.919075
0.914258
0.924878
0.918526
0.916908
0.925998
0.906933
0.910048
0.908144
0.932419
0.9125
0.921739
0.914341
0.908057
0.907795
0.916266
0.90797
0.901979
0.911005
0.911429
0.912162
0.904084
0.920849
0.896947
0.907021
0.922705
0.91126
0.921627
0.904671
0.919386
0.90381
0.905444
0.931683
0.917068
0.899716
0.913378
0.908301
0.902256
0.909702
0.916828
0.934847
0.899905
0.921799
0.899809
0.907266
0.909441
0.895932
0.924213
0.9
0.9
0.910318
0.922927
0.921078
0.918866
0.90381
0.904624
0.911907
0.912584
0.919574
0.906999
0.916104
0.926181
0.916185
0.905303
0.913333
0.902486
0.909438
0.920345
0.92
0.914122
0.917068
0.905393
0.917874
0.923529
0.923679
0.90381
0.922103
0.922027
0.921965
0.909351
0.923375
0.920269
0.927466
0.908134
0.921756
0.919961
0.921002
0.916346
0.917782
0.909867
0.917308
0.918841
0.910506
0.91448
0.92113
0.913211
0.902184
0.918526
0.909533
0.915385
0.925595
0.923529
0.896519
0.92278
0.910577
0.910134
0.92
0.92546
0.882791
0.908566
0.89877
0.91514
0.917969
0.937132
0.914341
0.915058
0.899906
0.917485
0.908832
0.926428
0.915466
0.910834
0.926782
0.908222
0.912331
0.914873
0.904671
0.904306
0.922556
0.923301
0.907795
0.906844
0.895437
0.930867
0.913628
0.918191
0.901354
0.907088
0.907197
0.910561
0.907336
0.91587
0.916908
0.910834
0.911681
0.91619
0.927593
0.909265
0.92451
0.910491
0.902017
0.91866
0.91092
0.907781
0.903718
0.90678
0.909091
0.909884
0.921739
0.926901
0.905354
0.907619
0.925604
0.916185
0.905354
0.9035
0.923002
0.910561
0.913378
0.910145
0.910577
0.918504
0.90586
0.923679
0.919231
0.90595
0.911793
0.907443
0.921359
0.916429
0.909884
0.91595
0.916667
0.908404
0.925676
0.918526
0.908491
0.908649
0.889199
0.914176
0.914204
0.918605
0.927237
0.910834
0.904943
0.914729
0.924783
0.910834
0.918017
0.914341
0.926499
0.901794
0.912584
0.918582
0.9125
0.922854
0.915779
0.916746
0.91371
0.906161
0.900474
0.919024
0.916908
0.907303
0.911708
0.916185
0.916111
0.902091
0.920466
0.907177
0.922852
0.913333
0.905213
0.926254
0.905354
0.916505
0.92549
0.920976
0.91109
0.917154
0.896682
0.921305
0.915779
0.917073
0.912247
0.920388
0.911765
0.916667
0.902647
0.921359
0.908829
0.902554
0.917795
0.894737
0.909615
0.922562
0.902738
0.912919
0.925024
0.906516
0.916346
0.903718
0.924051
0.915222
0.90631
0.911111
0.913876
0.909615
0.922473
0.924361
0.922027
0.917228
0.920311
0.915466
0.896878
0.918348
0.919231
0.917308
0.913876
0.915157
0.917315
0.920388
0.908915
0.912621
0.905497
0.916023
0.914505
0.925388
0.894587
0.91404
0.921415
0.911429
0.915385
0.921663
0.905983
0.901718
0.924111
0.915628
0.921663
0.919153
0.910058
0.922927
0.910646
0.913002
0.912297
0.907088
0.910816
0.914341
0.913168
0.913295
0.898192
0.908397
0.912752
0.911538
0.92062
0.910491
0.909615
0.905033
0.894195
0.910834
0.918112
0.915628
0.918841
0.899906
0.905222
0.901316
0.905314
0.926901
0.925388
0.916023
0.913676
0.918348
0.923604
0.916266
0.92189
0.911344
0.918919
0.914505
0.904398
0.904306
0.911877
0.908654
0.914587
0.910646
0.922348
0.918526
0.919652
0.903013
0.926829
0.902672
0.917387
0.912046
0.916346
0.92219
0.922103
0.924213
0.906844
0.906755
0.926285
0.895833
0.91514
0.908571
0.904489
0.914751
0.913545
0.912875
0.907707
0.903534
0.914751
0.921359
0.933005
0.913168
0.893536
0.920744
0.905033
0.919496
0.910577
0.908309
0.908478
0.914811
0.905983
0.917954
0.916828
0.917396
0.919961
0.907514
0.914976
0.90604
0.898017
0.906731
0.915303
0.933663
0.897921
0.910853
0.902164
0.904762
0.916667
0.900763
0.901701
0.921875
0.91866
0.919231
0.903992
0.918129
0.907177
0.911962
0.904084
0.915851
0.910985
0.909438
0.909524
0.899809
0.915534
0.916023
0.899531
0.914914
0.918288
0.908829
0.922556
0.912959
0.922549
0.916031
0.917636
0.916746
0.92065
0.909867
0.920466
0.916586
0.918582
0.906755
0.910318
0.924138
0.912835
0.912584
0.900935
0.911005
0.904405
0.920588
0.908566
0.913462
0.906099
0.920773
0.905172
0.920744
0.917795
0.901811
0.913168
0.944223
0.90918
0.917954
0.914397
0.909351
0.905714
0.914423
0.916346
0.925388
0.939723
0.913592
0.924125
0.918762
0.899048
0.918033
0.90604
0.927451
0.909696
0.910038
0.919231
0.923002
0.917954
0.905081
0.916098
0.90961
0.917235
0.919961
0.912796
0.909091
0.928364
0.92345
0.906461
0.910145
0.920233
0.913926
0.922556
0.922405
0.901341
0.919807
0.922255
0.932683
0.913168
0.912706
0.92123
0.913295
0.910048
0.907088
0.909438
0.90691
0.908918
0.908571
0.911877
0.913958
0.916342
0.917556
0.910134
0.917466
0.903774
0.917241
0.906161
0.912077
0.927326
0.909354
0.932105
0.909528
0.92527
0.900474
0.909265
0.907177
0.908231
0.91437
0.913498
0.911197
0.912959
0.909971
0.922339
0.923077
0.913211
0.908397
0.90622
0.898289
0.904986
0.908571
0.909696
0.901887
0.917148
0.918997
0.913378
0.921154
0.925854
0.916667
0.907177
0.917068
0.929619
0.909354
0.908745
0.925097
0.900568
0.913208
0.925854
0.911344
0.911005
0.912959
0.921739
0.909702
0.917703
0.908832
0.907109
0.92062
0.928711
0.915534
0.911623
0.888372
0.895184
0.904175
0.915222
0.914341
0.915628
0.902885
0.907443
0.911708
0.914894
0.918208
0.91514
0.910123
0.91514
0.92
0.925097
0.914894
0.920269
0.911005
0.918033
0.895494
0.907795
0.914995
0.901544
0.916992
0.908745
0.918447
0.905534
0.915851
0.9125
0.904265
0.920726
0.893697
0.923745
0.913127
0.931102
0.896128
0.917235
0.91401
0.913211
0.918762
0.914995
0.916747
0.903683
0.928361
0.910561
0.893536
0.922103
0.912961
0.92546
0.908309
0.917154
0.91404
0.925781
0.924855
0.911992
0.90631
0.921663
0.913251
0.913793
0.9375
0.921435
0.919884
0.907266
0.91514
0.903718
0.915385
0.921002
0.909962
0.917808
0.910749
0.912919
0.915222
0.912331
0.931973
0.923977
0.912584
0.915616
0.924492
0.909796
0.914176
0.909875
0.914976
0.905081
0.904084
0.902091
0.928364
0.908134
0.914751
0.909615
0.926285
0.919463
0.905983
0.918447
0.913295
0.922549
0.909091
0.910663
0.915861
0.907088
0.908917
0.902647
0.912796
0.905894
0.899811
0.921053
0.913926
0.911392
0.912297
0.916427
0.911429
0.90682
0.918738
0.899719
0.915303
0.902164
0.907088
0.922488
0.915616
0.924125
0.903754
0.901701
0.911175
0.921663
0.913628
0.907882
0.923598
0.928361
0.911822
0.930187
0.905033
0.917466
0.911175
0.910305
0.894587
0.912668
0.906755
0.920422
0.913333
0.923902
0.929825
0.907707
0.930165
0.925604
0.922405
0.924038
0.913628
0.913378
0.918683
0.914894
0.918997
0.898113
0.910305
0.913793
0.90381
0.92
0.918683
0.914811
0.918605
0.910834
0.909796
0.921359
0.908566
0.92864
0.90682
0.913251
0.917954
0.914833
0.90499
0.920311
0.907795
0.91401
0.900376
0.915205
0.901354
0.921606
0.917795
0.919807
0.916023
0.921435
0.905444
0.901515
0.900952
0.906399
0.917625
0.922849
0.916104
0.926214
0.910048
0.915534
0.904899
0.900952
0.90961
0.908134
0.918129
0.916185
0.907869
0.914505
0.909351
0.910749
0.89678
0.913592
0.900188
0.913545
0.906844
0.913508
0.917874
0.904808
0.932814
0.911962
0.898192
0.904671
0.91423
0.901422
0.909971
0.904175
0.901794
0.915319
0.922103
0.909962
0.911453
0.915709
0.915698
0.90381
0.909875
0.911848
0.918129
0.912706
0.92607
0.908213
0.90691
0.914505
0.89877
0.909441
0.927043
0.904532
0.902604
0.911793
0.921492
0.913662
0.914587
0.90586
0.910476
0.903442
0.907958
0.909615
0.916104
0.912584
0.918112
0.916185
0.910646
0.918269
0.923226
0.915698
0.925819
0.907619
0.904853
0.92113
0.917715
0.92278
0.908213
0.908222
0.918348
0.923226
0.910766
0.92885
0.895229
0.902922
0.918504
0.935039
0.9125
0.920926
0.897073
0.913251
0.904943
0.911344
0.909091
0.901422
0.903992
0.914669
0.909621
0.916342
0.911153
0.908829
0.915303
0.916427
0.91092
0.920466
0.916747
0.918762
0.911175
0.916104
0.924565
0.912959
0.913371
0.913958
0.918997
0.916266
0.916424
0.906489
0.919884
0.907354
0.911708
0.920976
0.915616
0.912706
0.916427
0.895636
0.923077
0.902164
0.911708
0.911623
0.917566
0.902738
0.916023
0.917466
0.91022
0.907958
0.908318
0.913876
0.905482
0.902462
0.909178
0.919417
0.912464
0.911197
0.925636
0.910663
0.91371
0.91587
0.907514
0.909438
0.92517
0.907958
0.914811
0.916031
0.919261
0.90595
0.913085
0.911344
0.913628
0.91213
0.892045
0.926641
0.905458
0.900469
0.923529
0.927451
0.918762
0.920849
0.918033
0.916185
0.909702
0.90631
0.904306
0.915222
0.917703
0.916427
0.914894
0.909615
0.906604
0.927805
0.91537
0.919694
0.914587
0.907514
0.911513
0.930435
0.910419
0.8971
0.923003
0.913295
0.912046
0.920311
0.930898
0.912247
0.915303
0.912077
0.903164
0.92546
0.896651
0.905534
0.922705
0.924658
0.907692
0.924975
0.917874
0.912791
0.916826
0.925781
0.908571
0.919261
0.914505
0.914914
0.910816
0.901515
0.895537
0.909875
0.924951
0.914423
0.904717
0.904627
0.900285
0.90691
0.918049
0.91213
0.919807
0.908658
0.912706
0.921645
0.90631
0.916424
0.912584
0.903134
0.908829
0.911344
0.912706
0.900568
0.924051
0.923003
0.909789
0.918288
0.92549
0.911005
0.909696
0.928016
0.923977
0.904762
0.917308
0.917228
0.92822
0.916346
0.912706
0.933529
0.92549
0.902227
0.908917
0.914449
0.916342
0.912416
0.91587
0.917546
0.902205
0.9109
0.911992
0.901998
0.899526
0.911822
0.922481
0.920345
0.914176
0.9125
0.906489
0.916505
0.908829
0.915222
0.910391
0.911708
0.92113
0.899431
0.899811
0.915222
0.900574
0.915547
0.917235
0.917782
0.911344
0.915466
0.923819
0.907514
0.930029
0.927308
0.919884
0.922625
0.914505
0.924805
0.899719
0.916346
0.917315
0.925676
0.909524
0.927606
0.90613
0.893258
0.920345
0.911597
0.903409
0.912451
0.920726
0.917546
0.916903
0.921875
0.897267
0.907795
0.908309
0.904671
0.898192
0.911005
0.914611
0.911368
0.899329
0.91371
0.914587
0.914093
0.916826
0.924436
0.926357
0.917874
0.912835
0.921531
0.91514
0.899625
0.927396
0.931238
0.906977
0.919339
0.909091
0.915547
0.916667
0.919182
0.902604
0.906072
0.907443
0.907443
0.91109
0.910476
0.924951
0.918208
0.914563
0.907514
0.904537
0.912297
0.895184
0.906667
0.912752
0.916586
0.918112
0.905588
0.886194
0.9
0.929264
0.918367
0.915779
0.913545
0.912247
0.919729
0.922179
0.900662
0.918787
0.905983
0.919075
0.92607
0.906999
0.928571
0.920726
0.914505
0.915861
0.905534
0.904896
0.908301
0.926285
0.915934
0.902052
0.901608
0.912046
0.909524
0.918288
0.914751
0.91683
0.917068
0.904717
0.906641
0.918683
0.916828
0.924453
0.910068
0.916747
0.920115
0.91109
0.92517
0.912077
0.897901
0.908471
0.904716
0.901515
0.910391
0.922179
0.916586
0.923301
0.90019
0.919308
0.923375
0.907088
0.926686
0.916507
0.905263
0.899247
0.91022
0.899531
0.910048
0.916908
0.918447
0.913127
0.920821
0.913378
0.902184
0.916828
0.909091
0.919574
0.917308
0.909265
0.909091
0.909524
0.909789
0.91126
0.914093
0.929481
0.909351
0.915466
0.911708
0.924436
0.91404
0.930029
0.918945
0.910663
0.912015
0.91587
0.913462
0.905894
0.900282
0.912464
0.927326
0.902462
0.921739
0.920311
0.911368
0.909265
0.926471
0.907354
0.922255
0.922854
0.928155
0.910646
0.902462
0.915789
0.907958
0.909441
0.913958
0.925709
0.894836
0.916586
0.919729
0.902486
0.912752
0.90682
0.909696
0.910476
0.920192
0.908318
0.909351
0.913378
0.924419
0.908484
0.913662
0.923679
0.897824
0.921588
0.916747
0.923524
0.924419
0.919884
0.915222
0.928086
0.930279
0.914894
0.918605
0.926142
0.912713
0.914669
0.917782
0.899144
0.911538
0.907109
0.915799
0.91165
0.903534
0.913843
0.919308
0.915616
0.908654
0.916667
0.916746
0.91404
0.916023
0.903718
0.897727
0.911932
0.900474
0.908571
0.916908
0.917636
0.913043
0.913793
0.928155
0.921588
0.912631
0.91126
0.926471
0.905983
0.910405
0.909091
0.913545
0.915222
0.916667
0.901435
0.923762
0.91537
0.92345
0.91022
0.900756
0.910391
0.907619
0.925998
0.904306
0.903382
0.912162
0.912416
0.910405
0.929342
0.908654
0.913289
0.903226
0.91437
0.919075
0.915122
0.89675
0.910134
0.907856
0.927184
0.91401
0.913424
0.910305
0.909265
0.918683
0.909091
0.921815
0.900095
0.919417
0.911708
0.920926
0.921815
0.926686
0.928291
0.924213
0.914176
0.912919
0.906551
0.920898
0.913793
0.914833
0.909441
0.912366
0.918919
0.904084
0.911453
0.909004
0.909962
0.915452
0.903164
0.910561
0.916342
0.910048
0.91092
0.899057
0.911111
0.914587
0.924419
0.906977
0.904899
0.909875
0.905917
0.903901
0.88941
0.907795
0.90085
0.911877
0.903901
0.912835
0.928988
0.914423
0.915779
0.920269
0.908918
0.913876
0.915303
0.908222
0.909962
0.907246
0.909005
0.92815
0.932806
0.922481
0.902978
0.911538
0.916747
0.905894
0.911793
0.917795
0.905624
0.897436
0.897073
0.917148
0.895677
0.906339
0.919308
0.906099
0.906999
0.913508
0.907531
0.898321
0.900662
0.912621
0.904306
0.924345
0.902256
0.91213
0.89434
0.90797
0.911623
0.924125
0.911793
0.914367
0.900188
0.908917
0.927664
0.904447
0.913628
0.924546
0.917387
0.917556
0.904489
0.912416
0.916031
0.90586
0.911708
0.908134
0.898467
0.907354
0.918762
0.907619
0.91537
0.923828
0.90019
0.911392
0.92062
0.907266
0.913793
0.923228
0.916908
0.917068
0.906755
0.899809
0.912835
0.934634
0.896092
0.919807
0.92471
0.913628
0.922027
0.916746
0.909091
0.915303
0.905123
0.915698
0.899618
0.923524
0.922927
0.92607
0.90283
0.915604
0.912875
0.921435
0.911344
0.913676
0.905624
0.922625
0.919103
0.90604
0.924051
0.919261
0.919463
0.909091
0.921965
0.921739
0.918526
0.909179
0.928295
0.916507
0.903164
0.919417
0.917556
0.902184
0.916828
0.914505
0.898793
0.917068
0.896519
0.929619
0.914995
0.911111
0.919574
0.902765
0.904356
0.911283
0.915616
0.915287
0.913211
0.927043
0.908658
0.919417
0.925676
0.914341
0.92822
0.91897
0.914729
0.912919
0.912416
0.909615
0.915385
0.895085
0.918919
0.90458
0.918582
0.922027
0.913926
0.90038
0.929064
0.915466
0.908301
0.911538
0.898289
0.918367
0.922849
0.907177
0.916911
0.903955
0.913876
0.919961
0.903134
0.915698
0.915861
0.91587
0.910766
0.924878
0.916179
0.911962
0.930255
0.921206
0.907781
0.904627
0.901246
0.90613
0.913628
0.919103
0.917235
0.903955
0.899522
0.929412
0.902299
0.93046
0.900568
0.910318
0.914563
0.897388
0.917625
0.89746
0.92113
0.914995
0.926357
0.907088
0.899152
0.911765
0.910038
0.903042
0.91371
0.915789
0.917476
0.910318
0.925024
0.908917
0.923301
0.920466
0.893597
0.919807
0.917954
0.910208
0.909875
0.907531
0.916507
0.919182
0.92123
0.911025
0.908745
0.907266
0.921965
0.903134
0.913926
0.911025
0.91213
0.914258
0.918269
0.912331
0.91376
0.908222
0.916667
0.910208
0.924272
0.920311
0.911453
0.910134
0.917466
0.912281
0.910663
0.912835
0.913043
0.912835
0.916346
0.907869
0.908397
0.907531
0.90961
0.914811
0.911877
0.92
0.903013
0.909875
0.903349
0.921435
0.917625
0.907781
0.910663
0.906161
0.912835
0.91022
0.916828
0.913926
0.901037
0.914894
0.912281
0.898578
0.912381
0.911283
0.907958
0.909528
0.905894
0.917073
0.91866
0.913251
0.918866
0.914976
0.921663
0.91587
0.917636
0.909696
0.914563
0.912214
0.909782
0.903592
0.926901
0.907767
0.921206
0.923379
0.910577
0.910391
0.918504
0.903626
0.918738
0.923301
0.905393
0.92278
0.913002
0.905894
0.923151
0.932485
0.90153
0.907266
0.917228
0.907781
0.92113
0.90153
0.923529
0.915698
0.909091
0.920466
0.919261
0.916505
0.908309
0.911708
0.921512
0.918112
0.906578
0.91022
0.904489
0.904398
0.909003
0.913641
0.924658
0.910048
0.919261
0.907514
0.909796
0.92062
0.896878
0.924492
0.90407
0.906755
0.912214
0.904489
0.90622
0.916828
0.916339
0.910663
0.917315
0.910232
0.921359
0.903901
0.919231
0.919687
0.911907
0.925024
0.90613
0.91109
0.907707
0.914976
0.914176
0.911237
0.924436
0.900763
0.916421
0.904717
0.923524
0.909091
0.913211
0.92189
0.905444
0.902392
0.93681
0.904225
0.910377
0.921078
0.904853
0.913958
0.908222
0.914093
0.921799
0.903534
0.905714
0.919308
0.906977
