0.813008
0.821693
0.836547
0.827672
0.81551
0.805153
0.823723
0.811688
0.821693
0.822368
0.813008
0.800321
0.818331
0.803701
0.821018
0.819524
0.809717
0.844463
0.799361
0.822222
0.794749
0.818704
0.814996
0.803213
0.812348
0.797923
0.814996
0.810065
0.818182
0.816176
0.820345
0.817661
0.834586
0.83222
0.81551
0.819524
0.811535
0.817661
0.814332
0.821693
0.816327
0.831255
0.831255
0.807754
0.802568
0.83612
0.813008
0.810219
0.82713
0.805153
0.821693
0.797125
0.796016
0.833333
0.818852
0.840067
0.835284
0.825764
0.823967
0.813518
0.807103
0.834586
0.820345
0.806452
0.797287
0.816026
0.815661
0.823578
0.821018
0.819001
0.826446
0.819672
0.802896
0.837521
0.818852
0.810065
0.829734
0.811535
0.81103
0.804505
0.840202
0.828216
0.802568
0.810723
0.810569
0.808407
0.802896
0.83389
0.809562
0.821018
0.831947
0.81551
0.815725
0.809061
0.812348
0.829876
0.818331
0.825331
0.794281
0.81367
0.807103
0.831947
0.835983
0.814996
0.820724
0.830833
0.803213
0.829046
0.803543
0.814332
0.834028
0.824402
0.796178
0.820871
0.806452
0.811535
0.828358
0.817512
0.812195
0.808407
0.815359
0.825083
0.822848
0.816327
0.811688
0.828358
0.826987
0.8
0.803213
0.814332
0.833751
0.814845
0.805982
0.815661
0.820576
0.795382
0.824938
0.826303
0.801282
0.803701
0.809756
0.830974
0.823045
0.81551
0.808252
0.815359
0.804839
0.823578
0.812042
0.835422
0.801282
0.822222
0.822368
0.831807
0.794913
0.845047
0.829451
0.808097
0.832639
0.806634
0.829876
0.797448
0.805802
0.833055
0.825083
0.81103
0.816993
0.822076
0.797438
0.827815
0.818331
0.806947
0.820345
0.791139
0.795853
0.797287
0.802568
0.8285
0.812856
0.820724
0.808752
0.818704
0.829734
0.817363
0.809061
0.798878
0.838223
0.809562
0.818033
0.814181
0.820871
0.826446
0.812856
0.833333
0.809061
0.793487
0.834028
0.824112
0.818182
0.817661
0.823045
0.814845
0.827672
0.811535
0.813878
0.812856
0.820871
0.824112
0.81551
0.822222
0.800641
0.80241
0.810877
0.799039
0.824257
0.809061
0.803055
0.820197
0.823578
0.818852
0.810373
0.814996
0.821693
0.821693
0.828358
0.827815
0.808252
0.819376
0.825764
0.805153
0.823723
0.810373
0.812348
0.812042
0.813008
0.808907
0.817661
0.807754
0.814996
0.83431
0.808097
0.808907
0.816993
0.813008
0.833055
0.789723
0.826446
0.825764
0.806947
0.78752
0.825476
0.820871
0.805645
0.808907
0.8229
0.829876
0.816993
0.814332
0.819524
0.796813
0.81367
0.809253
0.809562
0.822754
0.821018
0.82713
0.812856
0.820345
0.822754
0.818182
0.835422
0.799679
0.805153
0.823045
0.808097
0.827815
0.804348
0.82713
0.792063
0.798085
0.821018
0.819001
0.819001
0.807443
0.818406
0.821693
0.811075
0.813366
0.803557
0.820345
0.810569
0.816176
0.820197
0.810065
0.823045
0.817512
0.823045
0.819001
0.802568
0.841043
0.817512
0.807103
0.822368
0.816327
0.800641
0.811382
0.812348
0.802896
0.816694
0.816176
0.812856
0.818852
0.819524
0.808752
0.790514
0.807754
0.837521
0.821399
0.814181
0.809717
0.794913
0.82562
0.8325
0.811688
0.809562
0.807754
0.8
0.819001
0.812348
0.833333
0.814181
0.818331
0.814332
0.809717
0.81103
0.833612
0.822754
0.802568
0.808752
0.840336
0.808407
0.814332
0.826303
0.822368
0.820345
0.826446
0.803859
0.805802
0.813214
0.817512
0.821018
0.813008
0.812856
0.805153
0.822222
0.821693
0.819001
0.816176
0.81367
0.801925
0.820345
0.798085
0.821546
0.802568
0.821018
0.788644
0.824793
0.792857
0.816993
0.812195
0.818182
0.830833
0.817884
0.81551
0.805153
0.816694
0.820197
0.816844
0.816327
0.790514
0.824938
0.812042
0.822076
0.809061
0.809562
0.81367
0.805802
0.800481
0.809717
0.825476
0.816993
0.803859
0.817661
0.827815
0.819901
0.826843
0.808407
0.816176
0.829876
0.821693
0.820345
0.803213
0.825764
0.806947
0.808252
0.831255
0.807599
0.807103
0.818331
0.820345
0.833333
0.815876
0.8285
0.800481
0.796178
0.821693
0.800641
0.83389
0.821399
0.815661
0.84375
0.812348
0.815661
0.80419
0.814332
0.824402
0.807599
0.816844
0.818033
0.795219
0.8229
0.824257
0.817512
0.827815
0.813518
0.804348
0.81103
0.807599
0.803859
0.813008
0.8285
0.826159
0.8
0.831667
0.804996
0.816176
0.831115
0.823045
0.832639
0.809061
0.824257
0.806295
0.812195
0.816327
0.817734
0.801123
0.809717
0.807443
0.816327
0.808907
0.812348
0.807754
0.81367
0.822754
0.809061
0.801282
0.797287
0.817661
0.823045
0.801606
0.813518
0.81103
0.821399
0.804996
0.809408
0.824257
0.805802
0.815661
0.820576
0.831947
0.819001
0.804996
0.814694
0.816327
0.829876
0.818182
0.823045
0.826987
0.805153
0.818331
0.806452
0.819001
0.821693
0.803213
0.831526
0.814181
0.83682
0.797923
0.813008
0.821546
0.818331
0.811688
0.818331
0.836683
0.814181
0.806295
0.808442
0.815661
0.816694
0.816844
0.819001
0.812856
0.829876
0.821018
0.819001
0.810877
0.809717
0.803543
0.829734
0.821693
0.798722
0.816993
0.825476
0.820345
0.814845
0.806295
0.805153
0.820345
0.808907
0.81551
0.814181
0.801766
0.816327
0.808407
0.811688
0.805982
0.82314
0.807103
0.82713
0.807599
0.815209
0.811688
0.809061
0.812195
0.798722
0.809061
0.825764
0.811889
0.812856
0.828904
0.809061
0.822076
0.821546
0.796813
0.831255
0.816327
0.820345
0.805331
0.819524
0.837951
0.804505
0.811688
0.822368
0.823045
0.801282
0.814996
0.823723
0.81551
0.823045
0.815661
0.8267
0.811535
0.815209
0.81551
0.82713
0.816544
0.83389
0.822754
0.81367
0.806295
0.814996
0.815876
0.821018
0.805982
0.816327
0.823578
0.811688
0.796962
0.807103
0.818852
0.800803
0.814996
0.810877
0.818331
0.823723
0.818182
0.806139
0.818182
0.824402
0.809562
0.810065
0.813518
0.801282
0.814332
0.813008
0.815359
0.807103
0.841043
0.824938
0.8285
0.809061
0.809061
0.815661
0.810219
0.808252
0.816694
0.820197
0.824648
0.837521
0.807754
0.822222
0.806139
0.7992
0.829734
0.810373
0.818182
0.800963
0.819672
0.815661
0.805982
0.829046
0.806452
0.810877
0.823723
0.824112
0.79984
0.809717
0.8229
0.834725
0.822222
0.814996
0.815661
0.803213
0.822076
0.832639
0.807103
0.813366
0.825083
0.814996
0.81367
0.822368
0.819228
0.808097
0.835422
0.803055
0.81103
0.813518
0.815661
0.821399
0.812195
0.823723
0.836683
0.806452
0.803543
0.808252
0.816327
0.825083
0.826987
0.806295
0.818852
0.819376
0.827787
0.825083
0.819672
0.831947
0.825764
0.824112
0.800641
0.826159
0.824938
0.830565
0.818331
0.805645
0.808407
0.811535
0.829187
0.823045
0.824402
0.811688
0.816993
0.822607
0.814542
0.823723
0.823723
0.827672
0.810373
0.805331
0.803859
0.817363
0.828619
0.818555
0.817661
0.834028
0.800641
0.825083
0.802896
0.809061
0.804996
0.818182
0.823045
0.824402
0.83431
0.82562
0.820345
0.826159
0.832916
0.805153
0.821693
0.818331
0.806452
0.819001
0.812348
0.792857
0.831807
0.831947
0.824257
0.834028
0.805802
0.808907
0.803701
0.824112
0.812348
0.8285
0.821018
0.829734
0.815876
0.816993
0.805488
0.821018
0.82562
0.812348
0.795545
0.831115
0.814029
0.817512
0.821399
0.820197
0.820724
0.810219
0.818704
0.819001
0.802251
0.818182
0.833333
0.808907
0.806947
0.822368
0.805802
0.823967
0.800321
0.7992
0.817512
0.803701
0.812042
0.807599
0.823045
0.831667
0.814332
0.814996
0.811535
0.824402
0.820049
0.812348
0.813008
0.807599
0.812195
0.795853
0.789266
0.84674
0.807754
0.816993
0.826303
0.822222
0.827672
0.819524
0.801766
0.803384
0.788644
0.814845
0.812348
0.812551
0.829876
0.814181
0.825083
0.814181
0.817661
0.820724
0.795382
0.820049
0.822076
0.816844
0.810373
0.82713
0.825476
0.82713
0.836683
0.793487
0.797287
0.814996
0.803859
0.825764
0.819376
0.814542
0.815359
0.822222
0.805645
0.819376
0.813008
0.824402
0.821546
0.822222
0.813518
0.829734
0.823723
0.818704
0.804505
0.805802
0.825083
0.813008
0.814996
0.826159
0.831115
0.809061
0.812856
0.805802
0.817512
0.814332
0.802568
0.820345
0.812348
0.821018
0.798085
0.820049
0.822368
0.808252
0.827644
0.8229
0.822368
0.822076
0.813878
0.8229
0.810219
0.827672
0.837521
0.792393
0.816993
0.808907
0.819001
0.819672
0.829734
0.805153
0.810877
0.810569
0.812195
0.818852
0.816694
0.810219
0.804505
0.808252
0.807754
0.819001
0.812856
0.839631
0.813366
0.822222
0.801925
0.812042
0.81103
0.806791
0.826987
0.816993
0.821546
0.8285
0.813518
0.812704
0.814332
0.80419
0.798722
0.797923
0.798722
0.825764
0.809253
0.817512
0.815661
0.821782
0.8229
0.829187
0.814996
0.806947
0.814996
0.816993
0.797448
0.800481
0.814845
0.796488
0.821018
0.811688
0.820197
0.81103
0.812551
0.808752
0.814181
0.826446
0.803055
0.8267
0.810877
0.816993
0.823578
0.825083
0.817661
0.809562
0.823045
0.811688
0.824402
0.803859
0.815661
0.807754
0.802568
0.818331
0.831255
0.816993
0.829187
0.823578
0.805488
0.806139
0.834448
0.814332
0.824402
0.816327
0.825764
0.805153
0.811535
0.820724
0.817363
0.803384
0.805645
0.829187
0.819672
0.808097
0.814181
0.825083
0.805153
0.830424
0.8229
0.820345
0.821546
0.808252
0.830424
0.821693
0.806295
0.84246
0.827815
0.814694
0.821399
0.810877
0.806791
0.821546
0.821018
0.815359
0.815661
0.810219
0.802568
0.806452
0.810219
0.816844
0.795545
0.834028
0.808597
0.826843
0.833055
0.835422
0.819672
0.806139
0.822076
0.805488
0.810373
0.804505
0.829187
0.807599
0.827815
0.805153
0.823578
0.823578
0.82713
0.8285
0.817661
0.816176
0.817363
0.827672
0.814996
0.833194
0.797287
0.820576
0.810373
0.821399
0.805802
0.814181
0.81551
0.831807
0.826015
0.791139
0.816327
0.826159
0.812348
0.806452
0.7992
0.8229
0.817661
0.82562
0.821693
0.823578
0.822754
0.819672
0.838791
0.823578
0.825083
0.826446
0.801925
0.825764
0.804505
0.827815
0.809562
0.817734
0.824257
0.814181
0.81367
0.815661
0.817363
0.806947
0.820576
0.810877
0.826843
0.808407
0.811688
0.816844
0.801123
0.803701
0.803859
0.813518
0.813518
0.802251
0.829876
0.814996
0.811535
0.814181
0.835983
0.81367
0.819524
0.821018
0.818852
0.810373
0.828358
0.812042
0.82713
0.816993
0.826987
0.821693
0.813518
0.814029
0.815661
0.831255
0.806791
0.814996
0.791601
0.807754
0.829451
0.810373
0.803213
0.820724
0.815876
0.805331
0.814181
0.816026
0.816844
0.821546
0.832639
0.794281
0.806947
0.814181
0.799361
0.845309
0.818331
0.816844
0.813008
0.824112
0.812195
0.797448
0.814391
0.819672
0.824257
0.828358
0.817213
0.803213
0.805802
0.823578
0.805331
0.799519
0.805802
0.82713
0.819524
0.803701
0.8285
0.805153
0.808407
0.813518
0.827672
0.804681
0.829046
0.804996
0.821018
0.818182
0.83612
0.811535
0.816026
0.816844
0.821693
0.811535
0.822461
0.815661
0.815661
0.828358
0.810065
0.81551
0.807754
0.823723
0.807754
0.803701
0.806139
0.823578
0.814845
0.83236
0.822368
0.816993
0.811688
0.825083
0.814996
0.808252
0.8229
0.816327
0.814996
0.805645
0.806295
0.827815
0.824257
0.82713
0.821693
0.805153
0.820197
0.814181
0.820345
0.818704
0.807754
0.814332
0.825764
0.810373
0.808252
0.825764
0.800641
0.810877
0.813725
0.819672
0.8267
0.819672
0.798085
0.816327
0.823723
0.818033
0.797448
0.82562
0.834725
0.816993
0.820345
0.817512
0.820871
0.819672
0.816026
0.822076
0.823723
0.830283
0.808407
0.818331
0.830565
0.820724
0.812348
0.817661
0.814181
0.809717
0.829046
0.816993
0.816327
0.812195
0.81103
0.819672
0.814332
0.811382
0.824938
0.818033
0.821399
0.805174
0.803213
0.813518
0.824402
0.831947
0.810219
0.8229
0.8
0.817661
0.818331
0.824257
0.808252
0.812348
0.818033
0.809717
0.797287
0.801123
0.839631
0.800641
0.800641
0.816176
0.820345
0.829187
0.796178
0.803701
0.802568
0.823723
0.802568
0.816327
0.805153
0.820345
0.818331
0.810877
0.805802
0.8229
0.819376
0.834586
0.815359
0.814029
0.841618
0.825764
0.835146
0.818331
0.819001
0.814845
0.817363
0.816844
0.812856
0.824938
0.79984
0.803859
0.804348
0.838926
0.801282
0.819672
0.804348
0.830565
0.80241
0.814694
0.806452
0.803859
0.823045
0.8285
0.809717
0.815661
0.82713
0.820345
0.826843
0.810877
0.828904
0.799361
0.8285
0.807103
0.827815
0.819001
0.821693
0.812856
0.805153
0.823045
0.816694
0.827815
0.8229
0.816026
0.803874
0.809562
0.822222
0.805802
0.811229
0.819001
0.807754
0.839496
0.813366
0.805645
0.803213
0.84648
0.807754
0.812704
0.803055
0.808252
0.812195
0.815359
0.826015
0.808407
0.812348
0.819672
0.799039
0.831807
0.810219
0.824257
0.796178
0.808407
0.83431
0.814996
0.823432
0.816844
0.81103
0.821018
0.797448
0.808407
0.819524
0.812348
0.814181
0.811535
0.826987
0.810373
0.817363
0.840909
0.807599
0.804996
0.814996
0.823723
0.802251
0.802568
0.81367
0.829593
0.806452
0.803543
0.801766
0.810219
0.812348
0.822076
0.826446
0.829187
0.8229
0.793651
0.838087
0.807103
0.812195
0.830283
0.81367
0.83389
0.811736
0.824938
0.813518
0.810373
0.807754
0.826446
0.833194
0.824938
0.807103
0.80241
0.82562
0.817661
0.826303
0.821546
0.800641
0.806452
0.824938
0.814181
0.801925
0.83612
0.824402
0.818331
0.825041
0.817661
0.824648
0.823045
0.829876
0.829046
0.797923
0.793954
0.794913
0.806452
0.810723
0.843882
0.809717
0.8325
0.826303
0.823045
0.805645
0.828358
0.827815
0.825764
0.810373
0.823578
0.819672
0.81103
0.825764
0.815359
0.806634
0.82713
0.804681
0.806947
0.803213
0.812348
0.821546
0.817363
0.829876
0.831947
0.829734
0.801606
0.822607
0.823723
0.818852
0.808907
0.820345
0.812195
0.797448
0.809717
0.805153
0.788766
0.818331
0.822754
0.805645
0.819524
0.802568
0.822368
0.810065
0.810373
0.825476
0.81367
0.810373
0.814181
0.808407
0.82562
0.824402
0.81103
0.821546
0.815661
0.812348
0.835983
0.81367
0.835146
0.806791
0.819672
0.817661
0.826843
0.810373
0.799361
0.823675
0.826446
0.819524
0.824402
0.814332
0.834725
0.840202
0.817884
0.823723
0.807754
0.799361
0.803701
0.811382
0.819001
0.818331
0.821693
0.811535
0.816176
0.8285
0.828358
0.834586
0.799039
0.814845
0.808252
0.828358
0.810219
0.818331
0.806452
0.814996
0.812856
0.814332
0.811688
0.831947
0.820197
0.833194
0.805802
0.81367
0.806947
0.821399
0.816844
0.833333
0.820197
0.808407
0.802568
0.819672
0.824402
0.826987
0.808752
0.810373
0.811382
0.825476
0.818331
0.825764
0.814332
0.823723
0.820197
0.809717
0.818852
0.835422
0.814845
0.804505
0.805488
0.816327
0.805153
0.825331
0.806139
0.803701
0.812348
0.818331
0.807599
0.8285
0.820345
0.807599
0.802251
0.814996
0.820345
0.801282
0.822368
0.81367
0.82713
0.823045
0.82713
0.812551
0.820049
0.808252
0.826843
0.808252
0.805488
0.829187
0.819001
0.811229
0.786614
0.833333
0.810373
0.7984
0.813008
0.823723
0.800481
0.822368
0.807754
0.816544
0.815661
0.814332
0.808907
0.814996
0.830424
0.814332
0.807754
0.810373
0.824938
0.800641
0.807754
0.821399
0.837521
0.824402
0.812704
0.82713
0.815661
0.810373
0.816993
0.809562
0.811688
0.825083
0.802568
0.81367
0.79984
0.813008
0.829187
0.824793
0.812348
0.804839
0.813518
0.806452
0.820871
0.813214
0.825083
0.814332
0.807443
0.805645
0.789723
0.81367
0.81103
0.820345
0.821929
0.818033
0.821399
0.791601
0.83389
0.805802
0.813008
0.807287
0.820197
0.814996
0.819672
0.812348
0.813008
0.801925
0.822368
0.82713
0.827672
0.822368
0.815661
0.802251
0.813214
0.822461
0.809911
0.807599
0.805153
0.804839
0.832639
0.814181
0.806295
0.803213
0.819524
0.815876
0.821546
0.805153
0.813008
0.810065
0.811535
0.808907
0.834725
0.821399
0.819524
0.820345
0.812348
0.833333
0.816327
0.7984
0.810877
0.814332
0.826843
0.809098
0.815661
0.809061
0.804996
0.808252
0.809408
0.815209
0.809717
0.833333
0.796178
0.822368
0.81551
0.809562
0.8285
0.801766
0.818331
0.834586
0.7992
0.81367
0.811535
0.823045
0.835983
0.814332
0.82562
0.81551
0.818033
0.824257
0.822368
0.810877
0.826446
0.817661
0.829046
0.821546
0.800963
0.807754
0.821018
0.820871
0.82713
0.820871
0.817512
0.823432
0.811688
0.810373
0.820724
0.822368
0.826159
0.821693
0.814332
0.803213
0.790514
0.816176
0.814996
0.823723
0.819672
0.8325
0.818852
0.808252
0.81103
0.805982
0.816993
0.808407
0.808907
0.813518
0.819672
0.826446
0.821693
0.823578
0.810373
0.808252
0.823723
0.7992
0.812551
0.798722
0.819376
0.812704
0.829187
0.811688
0.821693
0.814181
0.805153
0.801925
0.814181
0.810373
0.817661
0.808407
0.824402
0.8229
0.825331
0.817661
0.819001
0.812704
0.815661
0.834028
0.824938
0.818182
0.798085
0.816993
0.81551
0.810877
0.801925
0.82562
0.826446
0.814332
0.809061
0.818331
0.821399
0.818852
0.8229
0.833333
0.823045
0.823723
0.842905
0.817661
0.802568
0.807443
0.818331
0.834028
0.808407
0.804505
0.816993
0.813008
0.820345
0.815057
0.821399
0.822368
0.809408
0.82562
0.821018
0.812195
0.803055
0.826987
0.812195
0.821693
0.812348
0.822222
0.819001
0.813518
0.827815
0.820345
0.823967
0.817512
0.82713
0.822368
0.837542
0.822222
0.814332
0.830424
0.825083
0.823045
0.818704
0.809061
0.806139
0.827815
0.810569
0.816993
0.831947
0.817661
0.814996
0.814029
0.812348
0.803213
0.820197
0.810877
0.814845
0.816327
0.803701
0.807103
0.8267
0.809061
0.820197
0.796016
0.825083
0.814332
0.810373
0.81103
0.816844
0.809061
0.812042
0.814996
0.810373
0.814029
0.812856
0.81367
0.812348
0.820197
0.80241
0.814996
0.818182
0.827529
0.808407
0.826303
0.816993
0.813008
0.805153
0.821399
0.82713
0.831947
0.822076
0.7984
0.833751
0.821546
0.820197
0.814996
0.802251
0.812856
0.816993
0.820345
0.814845
0.809717
0.795853
0.818852
0.818331
0.810877
0.815661
0.816844
0.812398
0.815661
0.834725
0.820197
0.820345
0.805153
0.7976
0.812856
0.812856
0.816026
0.821018
0.8
0.825764
0.816694
0.830565
0.812856
0.81367
0.807754
0.821018
0.841751
0.826446
0.826159
0.825083
0.807103
0.833751
0.819001
0.810877
0.804348
0.821018
0.813366
0.817661
0.820576
0.810065
0.812348
0.816176
0.831255
0.821929
0.806139
0.823432
0.809061
0.842194
0.816327
0.824793
0.812348
0.810373
0.820049
0.816026
0.822368
0.815209
0.805645
0.815359
0.811688
0.818852
0.813366
0.820197
0.821018
0.841484
0.815661
0.816327
0.820197
0.805174
0.805645
0.813008
0.829187
0.821399
0.809061
0.821399
0.820724
0.830424
0.807754
0.805488
0.800481
0.823432
0.806295
0.814996
0.812042
0.8
0.821018
0.795545
0.808097
0.818852
0.81367
0.818331
0.827815
0.810219
0.815661
0.805802
0.819524
0.819001
0.81551
0.816694
0.814845
0.820345
0.816176
0.816694
0.804505
0.815661
0.822076
0.7992
0.827672
0.831947
0.806452
0.785546
0.802251
0.813518
0.827815
0.827815
0.816993
0.818033
0.828358
0.835708
0.824402
0.822222
0.814332
0.809061
0.794749
0.819524
0.807103
0.816327
0.814181
0.816844
0.835422
0.810219
0.805645
0.827529
0.819376
0.813008
0.805802
0.820197
0.809061
0.824938
0.821693
0.819672
0.810373
0.808407
0.829876
0.811688
0.812856
0.808407
0.805153
0.814181
0.830142
0.802251
0.809717
0.83612
0.809717
0.801123
0.840909
0.807754
0.816993
0.825476
0.809756
0.81551
0.827386
0.822368
0.818033
0.822368
0.815359
0.812195
0.823432
0.808407
0.829187
0.793954
0.805802
0.814332
0.816993
0.804505
0.821693
0.816993
0.821018
0.829876
0.814029
0.81551
0.825764
0.807754
0.817512
0.835422
0.819001
0.808252
0.827099
0.820345
0.822368
0.801282
0.796813
0.82713
0.823578
0.819001
0.815661
0.801766
0.827672
0.824503
0.821546
0.840336
0.821546
0.815661
0.806452
0.803701
0.801282
0.808442
0.805982
0.821693
0.835983
0.824793
0.812348
0.820345
0.814332
0.811382
0.823578
0.822368
0.830565
0.796651
0.821693
0.835284
0.827815
0.819001
0.807942
0.807103
0.814694
0.809061
0.813008
0.8
0.806947
0.826015
0.808097
0.824257
0.809061
0.814996
0.81103
0.825871
0.829187
0.822368
0.808407
0.812195
0.825083
0.821018
0.805802
0.829187
0.796813
0.809562
0.81551
0.807131
0.819672
0.801282
0.838791
0.816327
0.832639
0.824402
0.834725
0.819001
0.826843
0.812856
0.793487
0.809562
0.812195
0.814845
0.824402
0.808407
0.821546
0.808907
0.813008
0.812042
0.811229
0.809717
0.823723
0.816993
0.835983
0.824938
0.823578
0.818852
0.815661
0.824402
0.827815
0.820345
0.7891
0.793021
0.806947
0.818704
0.799361
0.814996
0.801282
0.816993
0.83389
0.813061
0.800481
0.813366
0.822368
0.803874
0.818033
0.822222
0.824402
0.802568
0.831115
0.803384
0.823045
0.819001
0.839631
0.787402
0.819001
0.810065
0.802092
0.823045
0.803543
0.801123
0.83682
0.806139
0.827243
0.818852
0.813518
0.8229
0.795219
0.812856
0.816844
0.824938
0.812042
0.816993
0.829876
0.819524
0.812348
0.818331
0.816026
0.815359
0.814996
0.803384
0.823723
0.834725
0.830424
0.826446
0.814996
0.817661
0.813878
0.798722
0.814996
0.8229
0.800641
0.828358
0.812195
0.809717
0.806634
0.822222
0.816327
0.838791
0.826159
0.809562
0.823723
0.801282
0.835284
0.805645
0.831115
0.804505
0.815661
0.810219
0.81367
0.817661
0.815661
0.816327
0.831947
0.807599
0.814996
0.797287
0.82713
0.816327
0.803055
0.831667
0.81103
0.816327
0.816993
0.824402
0.818852
0.812348
0.821018
0.803055
0.820871
0.8
0.823045
0.823045
0.799361
0.822368
0.823578
0.819376
0.812195
0.815661
0.812856
0.809408
0.808407
0.7984
0.807754
0.814332
0.815661
0.813008
0.815359
0.829876
0.843882
0.810877
0.8267
0.803859
0.803213
0.826303
0.82562
0.823723
0.809562
0.805153
0.815876
0.823045
0.8229
0.824257
0.8285
0.839631
0.826987
0.824793
0.821546
0.823723
0.818331
0.820345
0.810373
0.824503
0.823045
0.819672
0.814332
0.812551
0.814996
0.829187
0.819228
0.81551
0.807103
0.816176
0.829876
0.829187
0.822222
0.806295
0.810065
0.820345
0.826446
0.800641
0.827815
0.7891
0.803213
0.83236
0.816844
0.813518
0.825083
0.801925
0.803701
0.814996
0.813008
0.793021
0.827672
0.823723
0.801123
0.801925
0.812348
0.816993
0.812348
0.819672
0.820345
0.805802
0.824402
0.829187
0.819672
0.826843
0.822368
0.818852
0.805153
0.799039
0.820197
0.818182
0.818182
0.844595
0.81103
0.809717
0.811688
0.809717
0.81103
0.816993
0.819524
0.816993
0.822368
0.820345
0.817512
0.817661
0.810877
0.813518
0.812348
0.820871
0.836683
0.800161
0.823723
0.812195
0.819672
0.818852
0.823723
0.796178
0.807754
0.798085
0.814181
0.816327
0.829187
0.801766
0.830283
0.816544
0.819524
0.815574
0.821693
0.810373
0.808907
0.830565
0.818331
0.814694
0.813008
0.805153
0.81367
0.831947
0.809408
0.7992
0.840336
0.816694
0.811688
0.817512
0.814332
0.811229
0.824938
0.804505
0.814996
0.807754
0.809061
0.809562
0.816327
0.801766
0.8229
0.812856
0.826446
0.803701
0.803384
0.823045
0.800641
0.809061
0.808752
0.8229
0.811688
0.798085
0.812348
0.806791
0.814181
0.825764
0.813008
0.819001
0.789266
0.811229
0.828358
0.805153
0.823432
0.825331
0.807443
0.811229
0.824112
0.802896
0.807754
0.805488
0.796178
0.824938
0.812195
0.819901
0.817661
0.811688
0.814996
0.809061
0.814181
0.815661
0.81367
0.812195
0.818182
0.794913
0.809408
0.829876
0.817661
0.824257
0.817363
0.816993
0.812195
0.803859
0.83682
0.824257
0.814996
0.815661
0.79984
0.811535
0.809562
0.814996
0.820345
0.808752
0.815661
0.829046
0.818704
0.835008
0.802896
0.813008
0.811688
0.817661
0.818033
0.794281
0.8285
0.811535
0.837385
0.812195
0.819001
0.808252
0.805153
0.820345
0.804996
0.804505
0.8
0.803213
0.824402
0.803859
0.824257
0.817512
0.817213
0.803701
0.829876
0.807103
0.8325
0.812348
0.820345
0.803543
0.824938
0.813008
0.810373
0.824402
0.838926
0.812348
0.808252
0.824257
0.805802
0.824402
0.804839
0.829187
0.815661
0.817363
0.804505
0.81367
0.819753
0.81367
0.829876
0.821399
0.816327
0.817884
0.803859
0.810373
0.82713
0.830424
0.813518
0.812856
0.829734
0.803213
0.808252
0.812348
0.818331
0.811688
0.806634
0.809717
0.807103
0.817661
0.806791
0.792393
0.816176
0.818852
0.816694
0.81551
0.809717
0.829046
0.810219
0.838223
0.829876
0.804996
0.803859
0.812042
0.803055
0.816327
0.820724
0.833333
0.833751
0.812856
0.812348
0.811382
0.818555
0.816993
0.816327
0.823723
0.800641
0.819672
0.83389
0.794913
0.816176
0.818555
0.826303
0.806947
0.805802
0.819524
0.830565
0.803701
0.817661
0.801123
0.811889
0.807599
0.822368
0.816844
0.830565
0.832639
0.816993
0.81367
0.809061
0.834586
0.819001
0.823432
0.818852
0.807103
0.800641
0.817512
0.824402
0.825764
0.801766
0.821018
0.803859
0.806452
0.82713
0.792693
0.823045
0.818331
0.829734
0.806139
0.820428
0.816993
0.821018
0.814694
0.809061
0.822754
0.821399
0.812195
0.821546
0.817661
0.812348
0.819001
0.812704
0.821929
0.819001
0.820345
0.797762
0.816993
0.806452
0.823045
0.826303
0.810373
0.803055
0.820345
0.814332
0.803859
0.816993
0.808097
0.813008
0.806947
0.825083
0.816993
0.808752
0.811688
0.810065
0.820197
0.805153
0.816176
0.814332
0.804505
0.816844
0.838926
0.81367
0.80241
0.8
0.82713
0.823578
0.796813
0.805645
0.824938
0.809061
0.811229
0.808907
0.837521
0.808907
0.816993
0.832639
0.808407
0.8229
0.820345
0.801925
0.822607
0.81103
0.823578
0.816327
0.821546
0.809717
0.82562
0.805802
0.811535
0.825186
0.81367
0.824648
0.814845
0.811535
0.824402
0.827529
0.804681
0.830565
0.816993
0.804348
0.804523
0.824112
0.817363
0.804996
0.828216
0.808407
0.819001
0.818331
0.818852
0.807754
0.814996
0.824257
0.8
0.823045
0.805488
0.834028
0.811688
0.820345
0.827529
0.820197
0.809061
0.837951
0.810219
0.827815
0.819376
0.817884
0.819672
0.826159
0.820197
0.80419
0.818182
0.826446
0.816993
0.810877
0.82562
0.800641
0.797448
0.826987
0.809717
0.816327
0.824257
0.806947
0.819524
0.810877
0.808597
0.811229
0.820345
0.796651
0.816993
0.818852
0.838223
0.829451
0.827672
0.803213
0.821018
0.816993
0.81103
0.810065
0.81551
0.82713
0.816993
0.81551
0.804348
0.823723
0.810415
0.824257
0.81367
0.804505
0.798085
0.820871
0.821546
0.823723
0.807754
0.829046
0.792693
0.8285
0.803701
0.796178
0.824793
0.794118
0.811688
0.805802
0.806452
0.805645
0.813518
0.808907
0.800481
0.823723
0.819672
0.820345
0.807103
0.805802
0.818555
0.816176
0.814181
0.814996
0.8
0.808407
0.810219
0.816327
0.823432
0.834028
0.808907
0.831255
0.822076
0.807103
0.815661
0.820871
0.827672
0.821693
0.812348
0.8229
0.809562
0.818182
0.8325
0.818182
0.8285
0.803213
0.8
0.810373
0.808252
0.818852
0.812856
0.83612
0.816176
0.814845
0.819001
0.8
0.81551
0.812856
0.819672
0.81367
0.815661
0.826446
0.810723
0.826446
0.817661
0.791435
0.814029
0.819001
0.824112
0.814029
0.821546
0.825764
0.81103
0.826303
0.793651
0.822368
0.810723
0.817512
0.833333
0.809061
0.799039
0.814996
0.816694
0.823045
0.81367
0.81367
0.817363
0.793954
0.8285
0.80419
0.819672
0.816176
0.820197
0.819672
0.811688
0.803543
0.7984
0.818182
0.810065
0.816993
0.833333
0.810219
0.800321
0.808407
0.806452
0.823578
0.82562
0.818331
0.823045
0.808252
0.815661
0.827529
0.813008
0.803701
0.806139
0.821018
0.813008
0.821693
0.823045
0.808252
0.803213
0.809717
0.809061
0.819001
0.824648
0.827672
0.825764
0.831947
0.821693
0.823578
0.823045
0.812704
0.823045
0.801606
0.809562
0.816993
0.817661
0.813518
0.819672
0.824402
0.824938
0.824402
0.81367
0.802568
0.828904
0.816327
0.81551
0.788022
0.816993
0.819376
0.811688
0.805153
0.834028
0.799361
0.816993
0.812856
0.825083
0.816544
0.807599
0.814332
0.804505
0.823723
0.805331
0.829187
0.814996
0.822222
0.821693
0.820049
0.822368
0.803859
0.81551
0.840336
0.819524
0.807754
0.823045
0.818033
0.835284
0.817661
0.822754
0.812195
0.814181
0.830142
0.8325
0.807103
0.802568
0.804996
0.825083
0.81103
0.826987
0.82562
0.82713
0.835983
0.816327
0.830565
0.822368
0.819001
0.816327
0.830424
0.816327
0.823723
0.800481
0.816176
0.817213
0.816176
0.819524
0.823578
0.804681
0.823578
0.801766
0.817661
0.812348
0.796488
0.835422
0.817363
0.810723
0.814996
0.823045
0.835422
0.82562
0.806452
0.810219
0.818331
0.810723
0.806947
0.833194
0.822754
0.797287
0.828358
0.809717
0.822076
0.822222
0.806634
0.817512
0.820197
0.83612
0.818182
0.814332
0.813214
0.819672
0.827815
0.833194
0.821018
0.814845
0.838926
0.817512
0.806452
0.819001
0.804996
0.819672
0.792393
0.816327
0.804996
0.823045
0.808907
0.812348
0.826446
0.825083
0.830974
0.808907
0.813008
0.816544
0.806295
0.813008
0.820724
0.819672
0.814996
0.823967
0.826987
0.831947
0.804996
0.818704
0.818182
0.814996
0.810877
0.819376
0.816176
0.798561
0.820197
0.810877
0.810373
0.813008
0.822368
0.811382
0.818182
0.825083
0.819001
0.809717
0.8229
0.824793
0.812195
0.831255
0.830974
0.828904
0.8285
0.817512
0.819524
0.826446
0.829734
0.815661
0.818331
0.82713
0.818182
0.830283
0.796488
0.7976
0.817512
0.807599
0.827529
0.826987
0.814996
0.82713
0.814181
0.823723
0.817512
0.821693
0.821018
0.814996
0.807103
0.812348
0.815661
0.794749
0.82713
0.81367
0.824938
0.820345
0.817661
0.820345
0.823723
0.822368
0.812195
0.826843
0.816844
0.816176
0.820871
0.827529
0.826303
0.825083
0.815359
0.81367
0.809061
0.82713
0.809562
0.835422
0.83682
0.790514
0.809253
0.827672
0.82713
0.810877
0.814845
0.823045
0.818331
0.793021
0.832639
0.819672
0.824257
0.824257
0.809061
0.822368
0.815359
0.834028
0.817512
0.817661
0.812195
0.811535
0.821252
0.818331
0.81551
0.806139
0.813008
0.834725
0.818033
0.819672
0.82562
0.809717
0.818182
0.804839
0.808752
0.814845
0.816026
0.819001
0.803213
0.821693
0.813008
0.821018
0.80419
0.818182
0.809061
0.801123
0.829187
0.820345
0.809253
0.826446
0.822607
0.804505
0.817661
0.819001
0.796813
0.826843
0.816176
0.830424
0.81367
0.811229
0.824938
0.830565
0.805802
0.840067
0.834028
0.825083
0.822368
0.814694
0.807599
0.821693
0.84246
0.808752
0.821693
0.816026
0.827815
0.809061
0.813366
0.813366
0.802568
0.821546
0.805802
0.825083
0.804505
0.816176
0.831115
0.819001
0.835284
0.816026
0.818704
0.83389
0.816327
0.798561
0.823578
0.822368
0.825083
0.803384
0.80419
0.817512
0.799679
0.838655
0.812856
0.812856
0.805153
0.805153
0.818331
0.822368
0.8325
0.796488
0.824402
0.794913
0.818704
0.818033
0.820871
0.795545
0.822368
0.812042
0.831115
0.803859
0.825083
0.804505
0.830565
0.813878
0.800481
0.8229
0.819001
0.830974
0.803213
0.803701
0.801766
0.816176
0.819672
0.820197
0.824938
0.818331
0.808907
0.818852
0.806947
0.819901
0.814181
0.824402
0.822368
0.824938
0.822368
0.825764
0.829187
0.81551
0.809562
0.823578
0.819524
0.835846
0.802251
0.805645
0.807754
0.81103
0.812348
0.824257
0.811889
0.813008
0.819001
0.818033
0.809562
0.829876
0.830974
0.819524
0.819524
0.801606
0.807599
0.804032
0.824938
0.81367
0.815661
0.810219
0.80419
0.819001
0.795382
0.809562
0.820871
0.822076
0.829734
0.814332
0.814029
0.808407
0.816993
0.804996
0.827529
0.809408
0.813214
0.817661
0.814332
0.825764
0.820871
0.812042
0.8229
0.83389
0.814996
0.793487
0.8
0.820345
0.819001
0.81103
0.808907
0.813878
0.825083
0.821018
0.823723
0.809562
0.818704
0.828358
0.803055
0.810723
0.829734
0.80241
0.80241
0.823723
0.807754
0.83612
0.805153
0.807103
0.81367
0.830974
0.832639
0.809717
0.818331
0.826987
0.815359
0.817884
0.81367
0.814332
0.809717
0.804505
0.807103
0.831255
0.808252
0.824402
0.826446
0.818331
0.810723
0.806947
0.819001
0.81103
0.835846
0.81103
0.811535
0.801925
0.822754
0.828904
0.814332
0.827815
0.835284
0.812856
0.814332
0.832639
0.810373
0.825764
0.824112
0.795545
0.822368
0.800481
0.830974
0.810065
0.802251
0.795219
0.809061
0.821018
0.807754
0.820197
0.824257
0.822222
0.814845
0.8285
0.812348
0.8
0.813518
0.836547
0.814694
0.826303
0.817363
0.818852
0.803055
0.812195
0.837385
0.81367
0.824938
0.811535
0.814996
0.829046
0.820049
0.823723
0.827672
0.828358
0.822076
0.812348
0.816026
0.829046
0.796651
0.825083
0.829046
0.801123
0.825186
0.830283
0.830565
0.812195
0.808097
0.826987
0.816544
0.833333
0.809408
0.814542
0.831115
0.81103
0.827815
0.816993
0.813008
0.807754
0.819001
0.814332
0.809098
0.817884
0.805645
0.831255
0.820576
0.807103
0.806791
0.814181
0.819524
0.815661
0.826446
0.829187
0.83682
0.810065
0.825083
0.814694
0.839798
0.827529
0.824402
0.831255
0.806295
0.809562
0.807103
0.821693
0.816176
0.801925
0.81367
0.816993
0.809717
0.812195
0.812348
0.820345
0.816026
0.809717
0.813518
0.813518
0.829876
0.819001
0.826446
0.823723
0.823045
0.818033
0.828216
0.803701
0.81551
0.8
0.811535
0.807754
0.827672
0.834028
0.809061
0.827815
0.810373
0.83682
0.830565
0.809408
0.814996
0.800641
0.825083
0.802896
0.798561
0.812042
0.811736
0.815359
0.808907
0.809562
0.813518
0.821399
0.819901
0.820871
0.812348
0.806295
0.822754
0.804681
0.82713
0.810373
0.80241
0.808907
0.838223
0.813366
0.814332
0.818331
0.802568
0.812856
0.8229
0.825764
0.813518
0.7984
0.802568
0.808252
0.817661
0.831115
0.801766
0.816327
0.825764
0.816694
0.826843
0.819672
0.828358
0.808752
0.805488
0.818331
0.808907
0.798722
0.805488
0.807599
0.801282
0.818852
0.819524
0.8325
0.831115
0.814181
0.83682
0.822368
0.830142
0.806295
0.814332
0.796813
0.808407
0.820345
0.827672
0.819001
0.812856
0.805645
0.821018
0.802738
0.815876
0.822222
0.816327
0.83236
0.818182
0.825764
0.811535
0.822368
0.821018
0.813008
0.816327
0.823045
0.823045
0.833751
0.798561
0.826303
0.816844
0.825476
0.814845
0.819524
0.7992
0.808252
0.819524
0.816026
0.811229
0.801123
0.812195
0.798561
0.834028
0.818331
0.8325
0.818182
0.823045
0.814332
0.812348
0.818852
0.818852
0.839631
0.825083
0.820197
0.824112
0.814996
0.811688
0.81103
0.819524
0.823723
0.816844
0.810723
0.812348
0.808407
0.81103
0.809562
0.813518
0.812348
0.813008
0.801123
0.819228
0.828761
0.819228
0.824938
0.811382
0.820197
0.8229
0.820049
0.813008
0.816544
0.835284
0.822368
0.801925
0.815661
0.805153
0.813008
0.820345
0.816694
0.795382
0.823045
0.814181
0.825083
0.812856
0.807754
0.814029
0.801123
0.821252
0.833194
0.823045
0.803859
0.821693
0.807103
0.816327
0.817512
0.7992
0.816993
0.820871
0.823723
0.805645
0.807754
0.824402
0.801606
0.800481
0.825476
0.816327
0.824402
0.818704
0.821693
0.815661
0.832639
0.811535
0.840336
0.804505
0.826446
0.806139
0.824648
0.818331
0.821693
0.792393
0.815359
0.815661
0.8229
0.823045
0.815876
0.812195
0.801925
0.812348
0.81551
0.826303
0.817661
0.823045
0.819001
0.806791
0.81367
0.814332
0.813366
0.841751
0.818182
0.805802
0.810373
0.812348
0.826303
0.808407
0.823723
0.820197
0.826446
0.806295
0.823045
0.812042
0.798561
0.804505
0.802568
0.834725
0.825764
0.821546
0.814029
0.838223
0.819672
0.80241
0.807599
0.814332
0.819001
0.803213
0.830565
0.843486
0.815661
0.811535
0.810219
0.803213
0.823723
0.826303
0.800321
0.800481
0.812856
0.796016
0.814996
0.814996
0.831947
0.808943
0.827815
0.812042
0.808252
0.819001
0.825764
0.818704
0.824938
0.809061
0.837815
0.819605
0.804505
0.808907
0.83612
0.831255
0.811075
0.809717
0.81367
0.823578
0.821399
0.821252
0.816694
0.82713
0.808097
0.822368
0.841043
0.826303
0.81367
0.820197
0.807287
0.821546
0.810877
0.821546
0.821693
0.814996
0.804505
0.811535
0.822368
0.816327
0.807754
0.816993
0.826987
0.82562
0.816694
0.811688
0.80241
0.808252
0.829187
0.812348
0.819001
0.824793
0.831255
0.809717
0.818852
0.833333
0.818331
0.801123
0.795056
0.838087
0.809717
0.808252
0.817661
0.793954
0.813518
0.794913
0.807754
0.814332
0.810723
0.821693
0.817661
0.822754
0.831255
0.820049
0.816993
0.813214
0.81367
0.822368
0.81103
0.81367
0.810877
0.800481
0.823578
0.823578
0.819001
0.81551
0.818852
0.817512
0.820345
0.804505
0.806452
0.820871
0.816844
0.825476
0.816694
0.817661
0.814332
0.810415
0.826159
0.826159
0.816026
0.837521
0.826843
0.824793
0.814391
0.820049
0.826303
0.8
0.804505
0.798561
0.796178
0.805153
0.818182
0.832639
0.808907
0.814845
0.816327
0.798085
0.822222
0.816327
0.819672
0.823723
0.839496
0.833194
0.807599
0.803213
0.81367
0.81551
0.826446
0.813008
0.819524
0.818852
0.84246
0.816844
0.809717
0.818555
0.823045
0.829876
0.794281
0.820345
0.818852
0.819524
0.816993
0.819001
0.823723
0.826987
0.826987
0.79569
0.798722
0.810373
0.821693
0.831667
0.809408
0.804996
0.813214
0.81103
0.808252
0.818852
0.810219
0.815661
0.825764
0.819001
0.806452
0.818704
0.838655
0.798085
0.810065
0.797125
0.819672
0.819672
0.82562
0.801123
0.814181
0.817661
0.824257
0.828358
0.808252
0.818704
0.820724
0.8
0.816844
0.815661
0.823045
0.779859
0.81367
0.829187
0.806452
0.823578
0.81367
0.81367
0.80241
0.810723
0.816176
0.825083
0.817363
0.825764
0.821693
0.821929
0.816327
0.806791
0.825083
0.803701
0.82713
0.823045
0.838223
0.803701
0.812348
0.819376
0.829187
0.810373
0.822754
0.81103
0.811688
0.804505
0.821693
0.816694
0.801766
0.824257
0.810723
0.820345
0.812856
0.809562
0.820197
0.812195
0.822368
0.813518
0.807599
0.810723
0.806295
0.825764
0.810877
0.816327
0.823723
0.806947
0.819901
0.802568
0.81551
0.814332
0.798239
0.824402
0.810373
0.807103
0.817661
0.812195
0.818331
0.826303
0.840336
0.811688
0.819672
0.814845
0.807443
0.810373
0.81103
0.807599
0.818182
0.797448
0.816327
0.820345
0.823578
0.834448
0.81103
0.818852
0.814029
0.825083
0.814029
0.827815
0.792857
0.8325
0.822754
0.812348
0.819524
0.811382
0.825764
0.829451
0.805645
0.805153
0.810723
0.82713
0.8
0.818852
0.827815
0.816993
0.823432
0.810373
0.801282
0.823578
0.826843
0.808252
0.823723
0.803701
0.801925
0.820197
0.816993
0.83612
0.827672
0.834028
0.808752
0.807287
0.8267
0.833194
0.810723
0.830424
0.825764
0.834725
0.817661
0.812348
0.814181
0.811535
0.833194
0.829046
0.824112
0.814332
0.802092
0.808407
0.817661
0.812348
0.818182
0.825083
0.809061
0.816993
0.7992
0.818182
0.82562
0.819001
0.83389
0.823045
0.816176
0.823723
0.81103
0.791435
0.804348
0.802568
0.810219
0.815661
0.816993
0.820871
0.821018
0.821018
0.809098
0.813008
0.815661
0.825083
0.818331
0.801282
0.833333
0.814845
0.811535
0.828358
0.839496
0.809717
0.8285
0.840202
0.805488
0.810219
0.810877
0.81367
0.807754
0.827672
0.797287
0.820345
0.817213
0.834725
0.814332
0.812348
0.823723
0.809717
0.825764
0.817512
0.826987
0.808907
0.814996
0.825476
0.838087
0.821546
0.807287
0.816176
0.838223
0.823432
0.825083
0.831255
0.814332
0.812856
0.821546
0.809061
0.814996
0.81551
0.823723
0.83612
0.827386
0.816993
0.816327
0.831947
0.833333
0.821546
0.811535
0.815209
0.801606
0.820871
0.833333
0.828904
0.806947
0.817661
0.812856
0.822368
0.81103
0.80241
0.819001
0.811688
0.818182
0.820049
0.816327
0.8325
0.823723
0.825764
0.801925
0.816026
0.823045
0.814332
0.812856
0.832639
0.816327
0.797287
0.821018
0.830565
0.812348
0.816993
0.8229
0.815876
0.816176
0.821018
0.801123
0.807754
0.809562
0.835146
0.839361
0.814845
0.821546
0.822368
0.819672
0.821399
0.81103
0.814181
0.817661
0.839361
0.838926
0.810373
0.81367
0.823045
0.816844
0.827672
0.814845
0.829876
0.809562
0.820724
0.811688
0.822222
0.8229
0.816694
0.821693
0.830565
0.807754
0.821018
0.814845
0.810569
0.815661
0.818331
0.821018
0.801766
0.819001
0.810877
0.821546
0.806452
0.825083
0.796651
0.81367
0.794586
0.824112
0.805153
0.792393
0.808252
0.799358
0.824112
0.819524
0.818331
0.803859
0.821018
0.816993
0.802251
0.827815
0.835422
0.833194
0.814181
0.816844
0.835146
0.815661
0.827815
0.819672
0.810373
0.821252
0.816844
0.799679
0.826843
0.820724
0.809562
0.808097
0.808597
0.840067
0.805802
0.819672
0.829046
0.806634
0.816844
0.838223
0.829876
0.824402
0.81367
0.820197
0.833333
0.805802
0.81367
0.816176
0.801766
0.825083
0.81103
0.822368
0.806791
0.825331
0.813366
0.823723
0.811688
0.803701
0.820197
0.821018
0.826987
0.8
0.823723
0.816176
0.829309
0.812348
0.800963
0.811382
0.821693
0.818704
0.807599
0.813008
0.814845
0.818331
0.833751
0.821929
0.827672
0.809061
0.811688
0.828904
0.811688
0.827672
0.814332
0.801925
0.839496
0.819672
0.807599
0.819672
0.806452
0.814332
0.814996
0.813518
0.820871
0.809061
0.818852
0.822368
0.814845
0.807754
0.813366
0.812551
0.803213
0.834586
0.819672
0.820871
0.81367
0.814181
0.821018
0.810877
0.812704
0.827672
0.820049
0.806452
0.814181
0.813518
0.822222
0.826303
0.820345
0.797762
0.821018
0.813008
0.802579
0.822754
0.816176
0.81551
0.827672
0.807754
0.805153
0.816993
0.791601
0.814694
0.825764
0.814996
0.824938
0.829734
0.824402
0.808752
0.817512
0.8285
0.825764
0.820345
0.819524
0.82562
0.816993
0.805153
0.808097
0.826446
0.834028
0.7992
0.812195
0.818033
0.803213
0.817363
0.838223
0.821018
0.816993
0.804348
0.818331
0.808407
0.807103
0.81103
0.812856
0.824257
0.826843
0.81103
0.819672
0.829876
0.822368
0.803055
0.819672
0.821693
0.812348
0.820345
0.812042
0.819001
0.8
0.807599
0.8229
0.829187
0.812042
0.837385
0.816993
0.830565
0.801606
0.821399
0.81103
0.824793
0.799361
0.834586
0.811535
0.819672
0.814332
0.802568
0.821018
0.811688
0.810373
0.814996
0.803055
0.8229
0.812856
0.8229
0.825331
0.814996
0.788599
0.813008
0.844595
0.81103
0.807287
0.835146
0.798561
0.797762
0.841043
0.809061
0.825764
0.812856
0.802568
0.808097
0.817363
0.833194
0.818852
0.785995
0.845893
0.8285
0.822368
0.801925
0.822076
0.829593
0.81103
0.816993
0.811535
0.810723
0.826446
0.814845
0.809562
0.821693
0.819001
0.8325
0.816844
0.813366
0.812856
0.825083
0.793021
0.816694
0.807103
0.819672
0.824402
0.814996
0.817661
0.80419
0.819672
0.816993
0.818704
0.815661
0.797923
0.814845
0.823578
0.832639
0.832776
0.796488
0.823578
0.813008
0.817884
0.819001
0.816327
0.808407
0.807942
0.804505
0.821546
0.801282
0.805645
0.816844
0.829046
0.818033
0.805645
0.814845
0.81551
0.806947
0.8
0.812348
0.81103
0.821693
0.820197
0.838791
0.812348
0.803701
0.811688
0.814845
0.812348
0.8229
0.808752
0.818852
0.812348
0.814181
0.806295
0.8229
0.829876
0.801766
0.833333
0.808097
0.795545
0.822222
0.821018
0.811535
0.803213
0.805488
0.826987
0.824402
0.812856
0.819524
0.832639
0.820871
0.799679
0.805645
0.829187
0.834586
0.819672
0.811889
0.816694
0.827672
0.823821
0.799361
0.824257
0.805802
0.825764
0.812704
0.820871
0.820871
0.804996
0.819228
0.816176
0.801123
0.825764
0.821018
0.811535
0.831255
0.819001
0.795853
0.799679
0.821546
0.826987
0.828358
0.807287
0.819001
0.8229
0.803859
0.808907
0.819001
0.819001
0.823045
0.806791
0.825764
0.817363
0.829876
0.808907
0.8229
0.819001
0.83682
0.817661
0.828619
0.810219
0.813518
0.819001
0.810373
0.81103
0.810373
0.808252
0.819901
0.807754
0.811382
0.820724
0.833333
0.810373
0.809562
0.826446
0.8229
0.817363
0.810219
0.799039
0.814996
0.802251
0.814996
0.812856
0.818704
0.811889
0.827815
0.809562
0.815661
0.825083
0.81367
0.814332
0.83612
0.818704
0.796651
0.825764
0.818852
0.829187
0.827815
0.80419
0.812348
0.818331
0.823045
0.823723
0.811229
0.8285
0.789889
0.802896
0.818331
0.812856
0.824402
0.806295
0.814332
0.803859
0.801925
0.816176
0.817512
0.826446
0.820871
0.814845
0.800641
0.822368
0.80241
0.816026
0.815661
0.815661
0.821018
0.812042
0.829046
0.820049
0.825083
0.805153
0.812348
0.814332
0.820724
0.813366
0.831947
0.818704
0.811535
0.806295
0.804681
0.788142
0.814845
0.823578
0.830424
0.810065
0.820345
0.821018
0.816844
0.811229
0.825764
0.819524
0.828216
0.81551
0.785546
0.819001
0.833333
0.816026
0.820345
0.820871
0.821018
0.823723
0.81103
0.820724
0.835422
0.818331
0.797923
0.829046
0.819001
0.809562
0.827672
0.824112
0.827386
0.8285
0.811382
0.803213
0.814845
0.817661
0.814332
0.802568
0.807754
0.808252
0.809911
0.81367
0.797448
0.8285
0.819672
0.8229
0.815661
0.829451
0.801282
0.820345
0.801766
0.808407
0.807443
0.833194
0.814181
0.834448
0.812042
0.820724
0.807599
0.816327
0.814181
0.795853
0.7992
0.819001
0.821018
0.8325
0.812348
0.813366
0.80419
0.782915
0.820049
0.821018
0.797448
0.811382
0.815725
0.816694
0.817661
0.821018
0.804505
0.818033
0.825764
0.810877
0.807754
0.834028
0.812348
0.825476
0.811688
0.814996
0.812856
0.808752
0.814845
0.825764
0.804348
0.831947
0.829187
0.806295
0.794913
0.834028
0.823578
0.811535
0.826446
0.831947
0.828619
0.810373
0.823723
0.815661
0.834028
0.811535
0.819524
0.807754
0.827815
0.843618
0.820345
0.809061
0.808907
0.828904
0.826987
0.819672
0.823045
0.835422
0.828904
0.828216
0.833055
0.826446
0.827672
0.826446
0.7992
0.809061
0.794913
0.812195
0.809061
0.804032
0.824257
0.819001
0.816844
0.811688
0.808252
0.815876
0.810723
0.810723
0.834725
0.809061
0.81367
0.811535
0.819524
0.816176
0.817661
0.810373
0.816993
0.821018
0.821018
0.809911
0.820197
0.810373
0.81103
0.807599
0.8229
0.798722
0.814181
0.83682
0.796962
0.805645
0.802568
0.81367
0.803213
0.809717
0.804505
0.841043
0.814332
0.823723
0.809717
0.821546
0.822222
0.828761
0.820049
0.818033
0.818852
0.803543
0.830424
0.82713
0.826446
0.810373
0.835284
0.81103
0.819524
0.827815
0.810723
0.818033
0.810877
0.81551
0.80419
0.816176
0.818331
0.816844
0.821018
0.819672
0.834028
0.832639
0.816327
0.81551
0.820871
0.814996
0.802568
0.806791
0.830424
0.829876
0.804996
0.825476
0.821693
0.817512
0.808407
0.824112
0.7992
0.833055
0.826015
0.818331
0.807599
0.805488
0.828358
0.818033
0.834725
0.808407
0.813008
0.825764
0.834448
0.817661
0.824112
0.82562
0.829046
0.827672
0.841043
0.812348
0.816844
0.816327
0.819672
0.812348
0.824257
0.809061
0.823578
0.82028
0.836683
0.814996
0.810373
0.83236
0.802568
0.805153
0.809562
0.820049
0.812348
0.804523
0.819672
0.820724
0.813061
0.825476
0.807754
0.806452
0.817363
0.813518
0.804505
0.814845
0.831947
0.812856
0.82713
0.814996
0.818852
0.831807
0.793651
0.831526
0.825764
0.791139
0.819001
0.823723
0.809408
0.826446
0.800481
0.809061
0.824402
0.803701
0.811382
0.829734
0.826159
0.813008
0.823432
0.826446
0.830142
0.823045
0.827815
0.835708
0.810373
0.834028
0.814694
0.810065
0.812704
0.809717
0.816327
0.810373
0.798561
0.8285
0.81367
0.828761
0.818033
0.824257
0.81103
0.807443
0.806452
0.81367
0.806452
0.806452
0.816327
0.824402
0.814332
0.814332
0.810373
0.805802
0.825764
0.807754
0.813008
0.817512
0.824938
0.819001
0.810373
0.831115
0.813008
0.801123
0.817661
0.84674
0.812348
0.806452
0.804839
0.800641
0.819672
0.8
0.8
0.82713
0.834586
0.816327
0.833333
0.817661
0.834028
0.801925
0.812195
0.814694
0.810877
0.824112
0.823045
0.796651
0.797448
0.812348
0.824257
0.81551
0.8285
0.804505
0.817661
0.819376
0.82713
0.804348
0.814845
0.831255
0.802568
0.805153
0.817661
0.812856
0.813366
0.810065
0.829187
0.810219
0.81103
0.816844
0.817363
0.81103
0.827815
0.817884
0.806139
0.805645
0.82713
0.829876
0.805153
0.819901
0.816993
0.816327
0.821693
0.833333
0.807103
0.81367
0.817661
0.798085
0.816694
0.831807
0.824793
0.819524
0.808907
0.819672
0.810877
0.815661
0.814181
0.819672
0.810569
0.831807
0.821018
0.836547
0.816176
0.810373
0.820345
0.821018
0.819376
0.820345
0.818704
0.822607
0.817512
0.824257
0.817661
0.823723
0.83612
0.812348
0.811688
0.809911
0.818704
0.829187
0.813008
0.810723
0.789266
0.826159
0.81367
0.82793
0.808907
0.823045
0.804996
0.816844
0.805645
0.808907
0.824402
0.81103
0.797448
0.815661
0.817363
0.831807
0.825083
0.816993
0.805488
0.820345
0.806295
0.829187
0.820345
0.830283
0.788644
0.817363
0.817661
0.806634
0.838223
0.813518
0.816993
0.812348
0.787855
0.820345
0.810877
0.802568
0.823045
0.809717
0.799361
0.812704
0.807103
0.809717
0.805153
0.805802
0.819001
0.830283
0.810723
0.816694
0.806452
0.824938
0.83431
0.835284
0.823723
0.825476
0.823287
0.801447
0.821782
0.829734
0.827815
0.808407
0.819672
0.820197
0.816327
0.808752
0.809717
0.804505
0.807103
0.8285
0.821693
0.828216
0.820345
0.81103
0.821693
0.818852
0.812856
0.813518
0.823578
0.817661
0.821018
0.803543
0.810065
0.8325
0.806139
0.819672
0.810877
0.805488
0.826303
0.821546
0.807754
0.814845
0.812195
0.819001
0.802251
0.807103
0.802568
0.830565
0.8229
0.82713
0.804505
0.814332
0.820049
0.836683
0.819524
0.824402
0.8285
0.820871
0.814332
0.812856
0.826843
0.816026
0.810219
0.819001
0.816327
0.810219
0.814332
0.819228
0.809717
0.814332
0.816993
0.801925
0.808407
0.804348
0.821546
0.816176
0.825083
0.809408
0.814181
0.812856
0.827672
0.811688
0.830283
0.805153
0.816993
0.798085
0.838791
0.816694
0.820871
0.820197
0.8229
0.809717
0.823723
0.822368
0.814332
0.813518
0.802568
0.838223
0.82713
0.820345
0.809717
0.806295
0.812856
0.826446
0.805488
0.835146
0.830565
0.8285
0.821693
0.805645
0.803701
0.814181
0.830565
0.811688
0.819376
0.827672
0.821018
0.813518
0.829046
0.787066
0.803859
0.807942
0.810219
0.822368
0.819672
0.805153
0.816327
0.813008
0.824402
0.819672
0.795382
0.800641
0.81103
0.830424
0.804348
0.825083
0.815209
0.817661
0.811889
0.82713
0.81103
0.814029
0.81103
0.812348
0.823578
0.814996
0.820345
0.819001
0.821546
0.810723
0.807287
0.815359
0.818852
0.805488
0.830424
0.823723
0.814332
0.803213
0.810877
0.830565
0.827672
0.808407
0.798722
0.8
0.832639
0.811382
0.812348
0.826303
0.819001
0.806634
0.800481
0.821018
0.810219
0.816993
0.822607
0.826303
0.819672
0.825764
0.814694
0.81367
0.812856
0.814332
0.798722
0.828358
0.824402
0.819001
0.829187
0.812348
0.829046
0.81103
0.819672
0.823045
0.820197
0.801282
0.810723
0.811688
0.829876
0.812195
0.803213
0.823723
0.804505
0.809408
0.806452
0.803213
0.823967
0.817661
0.81103
0.801925
0.818331
0.826446
0.814029
0.812856
0.81103
0.811688
0.81103
0.816844
0.820345
0.817512
0.837385
0.816026
0.798722
0.835983
0.810373
0.81367
0.812704
0.807103
0.808252
0.828904
0.814996
0.811688
0.808407
0.816176
0.816993
0.813008
0.823045
0.824257
0.829734
0.795545
0.809717
0.809911
0.825083
0.818107
0.812042
0.813214
0.806295
0.800321
0.835422
0.795382
0.808252
0.816844
0.807103
0.814181
0.805174
0.826159
0.815661
0.819001
0.812042
0.803874
0.82562
0.809061
0.822076
0.816694
0.817512
0.811688
0.803859
0.818331
0.819524
0.814845
0.803859
0.797448
0.81367
0.807754
0.818852
0.807443
0.817512
0.807754
0.819376
0.805802
0.812195
0.8229
0.810373
0.827815
0.831115
0.829734
0.802568
0.829593
0.826446
0.809717
0.814332
0.824112
0.822222
0.824402
0.812704
0.807599
0.8229
0.809717
0.801282
0.81103
0.803701
0.825083
0.821693
0.822222
0.82562
0.821018
0.826987
0.813366
0.820345
0.839933
0.826159
0.81103
0.7992
0.809562
0.818331
0.826446
0.811535
0.804348
0.798085
0.821693
0.810373
0.807599
0.811688
0.810219
0.804348
0.811688
0.797287
0.814332
0.813008
0.814332
0.825083
0.81103
0.827529
0.812856
0.81551
0.822368
0.819001
0.814332
0.814542
0.824938
0.806452
0.821693
0.814332
0.820871
0.805802
0.814181
0.806295
0.808252
0.811535
0.814332
0.802568
0.808752
0.818852
0.830283
0.820345
0.818852
0.805174
0.804505
0.833194
0.822222
0.816694
0.824402
0.814996
0.817512
0.820197
0.813008
0.809408
0.821018
0.814332
0.831115
0.827386
0.811382
0.817584
0.806791
0.806452
0.814996
0.820197
0.816993
0.8
0.826303
0.823045
0.831255
0.817661
0.810219
0.814332
0.803859
0.803543
0.82713
0.81103
0.805488
0.814694
0.807599
0.800481
0.804505
0.82562
0.818852
0.826303
0.797448
0.819001
0.817661
0.819524
0.81551
0.813518
0.812348
0.80241
0.819901
0.809562
0.803859
0.813366
0.815661
0.80419
0.810373
0.83612
0.816844
0.816993
0.825083
0.811688
0.798722
0.807103
0.814332
0.808252
0.810373
0.812042
0.821693
0.820345
0.833751
0.82562
0.802568
0.797923
0.823723
0.818704
0.816327
0.82713
0.819672
0.817661
0.813366
0.842194
0.800481
0.84317
0.807287
0.799679
0.823723
0.821018
0.808752
0.816844
0.836683
0.811889
0.822607
0.818331
0.819524
0.819672
0.823723
0.816844
0.814332
0.815661
0.822222
0.800641
0.822368
0.84674
0.819376
0.818331
0.816694
0.810219
0.814181
0.814996
0.826303
0.823432
0.827672
0.810373
0.829187
0.816176
0.819901
0.805645
0.812195
0.829876
0.805153
0.797448
0.811688
0.81551
0.820049
0.82713
0.831115
0.801282
0.834586
0.821546
0.831115
0.808407
0.82562
0.821546
0.818331
0.821693
0.809061
0.828358
0.806139
0.812348
0.808407
0.805802
0.823045
0.801606
0.8267
0.812348
0.815661
0.819376
0.812551
0.816176
0.829593
0.814845
0.818331
0.831115
0.801925
0.825083
0.813518
0.812551
0.809061
0.805153
0.801606
0.809408
0.818852
0.801282
0.820871
0.796651
0.808407
0.819524
0.830424
0.812704
0.813008
0.820345
0.82713
0.820345
0.817661
0.816327
0.816176
0.814332
0.810373
0.819376
0.821018
0.829187
0.801766
0.8229
0.81367
0.800641
0.823723
0.831807
0.830565
0.81551
0.796016
0.821929
0.8285
0.829876
0.803859
0.804348
0.818331
0.826015
0.809717
0.829187
0.799039
0.806947
0.808252
0.831115
0.814996
0.838087
0.814996
0.822222
0.808097
0.825476
0.816176
0.811688
0.83612
0.8229
0.813878
0.82562
0.807599
0.825764
0.797448
0.83682
0.823578
0.83682
0.799039
0.81551
0.794281
0.8285
0.812348
0.807754
0.810373
0.814332
0.802568
0.829187
0.815359
0.806452
0.821693
0.82713
0.825083
0.819672
0.797762
0.827529
0.821018
0.826303
0.824402
0.805153
0.806947
0.825083
0.807131
0.832639
0.813518
0.817512
0.806947
0.819001
0.804505
0.806452
0.814332
0.820345
0.807103
0.840909
0.812042
0.821399
0.8229
0.826987
0.803543
0.806295
0.812042
0.814845
0.811688
0.814845
0.801606
0.819001
0.814332
0.829187
0.807287
0.807599
0.808907
0.820049
0.803859
0.818331
0.818704
0.824257
0.816993
0.810877
0.803859
0.810877
0.812195
0.814181
0.808407
0.827815
0.803859
0.812704
0.816327
0.819672
0.811535
0.824257
0.813878
0.821018
0.819672
0.817661
0.809717
0.816327
0.80241
0.844595
0.820871
0.814181
0.821399
0.819672
0.818331
0.808752
0.808252
0.823723
0.820345
0.796178
0.838791
0.793651
0.808252
0.824938
0.823723
0.816844
0.813008
0.805488
0.8229
0.815661
0.831255
0.821018
0.814181
0.821693
0.819672
0.829593
0.821018
0.811535
0.819228
0.836683
0.82713
0.818704
0.807599
0.798561
0.81103
0.820576
0.820197
0.816176
0.822368
0.811688
0.827815
0.819672
0.799361
0.814845
0.813214
0.824257
0.820197
0.810373
0.820345
0.810219
0.826843
0.823578
0.830565
0.811688
0.819001
0.817512
0.819672
0.805153
0.821693
0.807103
0.796016
0.828358
0.821018
0.804839
0.818852
0.816327
0.805802
0.7984
0.820197
0.819001
0.813214
0.802896
0.81551
0.816694
0.821399
0.841751
0.820197
0.818182
0.8229
0.810065
0.812195
0.819001
0.796813
0.814181
0.81367
0.825476
0.809253
0.819001
0.821929
0.801282
0.826446
0.78939
0.828358
0.810219
0.814845
0.793954
0.794281
0.81367
0.83389
0.815661
0.814694
0.813008
0.79569
0.822222
0.81367
0.817884
0.805153
0.821399
0.817363
0.826446
0.836547
0.819079
0.811688
0.820345
0.7992
0.826303
0.814996
0.81103
0.825083
0.816327
0.834448
0.813008
0.814996
0.80419
0.821546
0.797448
0.811535
0.819001
0.818852
0.808407
0.807599
0.821018
0.817363
0.806634
0.826446
0.816327
0.803859
0.820871
0.8229
0.82713
0.824793
0.809061
0.799679
0.81103
0.816327
0.833333
0.793021
0.830424
0.826303
0.804348
0.804505
0.821018
0.823287
0.827815
0.818182
0.819672
0.809061
0.816913
0.798722
0.820345
0.815359
0.826303
0.820871
0.813008
0.796178
0.816176
0.802896
0.797448
0.848048
0.819376
0.819901
0.810373
0.814181
0.822222
0.819672
0.819001
0.813008
0.819001
0.816176
0.828904
0.818331
0.810373
0.826446
0.816327
0.851064
0.812195
0.818555
0.802568
0.8285
0.808097
0.805153
0.8325
0.824402
0.822368
0.807443
0.826843
0.816844
0.828358
0.814996
0.822754
0.808407
0.812856
0.815661
0.816844
0.805802
0.812856
0.805802
0.826446
0.810877
0.805645
0.808407
0.804348
0.823045
0.785208
0.821546
0.833333
0.794913
0.798722
0.816993
0.823578
0.808407
0.816844
0.817363
0.809717
0.800963
0.808407
0.814996
0.81367
0.818331
0.81103
0.824793
0.787234
0.820345
0.829593
0.814996
0.817363
0.796813
0.831807
0.791601
0.813518
0.815725
0.815661
0.824793
0.817661
0.819672
0.81367
0.809717
0.806947
0.824402
0.805802
0.809253
0.822076
0.800803
0.799361
0.820049
0.819001
0.826987
0.81367
0.831807
0.818331
0.834586
0.808252
0.825083
0.823045
0.829876
0.834028
0.820345
0.831115
0.81103
0.815661
0.8229
0.810373
0.823723
0.811688
0.808097
0.814181
0.825764
0.838223
0.825764
0.806452
0.809562
0.816176
0.834586
0.808097
0.812348
0.810877
0.830565
0.816993
0.805488
0.817512
0.818033
0.815661
0.817661
0.812042
0.816176
0.8
0.810373
0.806139
0.835983
0.818331
0.81103
0.81551
0.821399
0.820724
0.803055
0.816694
0.813518
0.81367
0.814694
0.821693
0.805488
0.797762
0.815661
0.794281
0.819524
0.838223
0.804839
0.8325
0.819001
0.817363
0.8325
0.848176
0.813518
0.822076
0.803859
0.8
0.835422
0.814332
0.814181
0.800481
0.810373
0.796178
0.800641
0.833333
0.816327
0.814996
0.805488
0.823723
0.859845
0.817512
0.803213
0.817661
0.796178
0.834028
0.807599
0.797287
0.811688
0.794913
0.80241
0.813518
0.789889
0.818852
0.820197
0.812856
0.825764
0.808097
0.824112
0.820345
0.81551
0.820724
0.814996
0.823045
0.811535
0.824402
0.81367
0.833333
0.823821
0.818704
0.808252
0.816176
0.814181
0.807103
0.822076
0.816993
0.813518
0.817661
0.816393
0.817661
0.794281
0.819001
0.821929
0.807754
0.7992
0.821693
0.814542
0.825083
0.825764
0.81551
0.834725
0.81103
0.819524
0.811688
0.801606
0.802568
0.808252
0.798722
0.798085
0.841043
0.800641
0.820197
0.821693
0.826987
0.819001
0.826446
0.820871
0.809562
0.825083
0.808407
0.816544
0.818704
0.832639
0.818331
0.805645
0.823045
0.819672
0.820049
0.811688
0.805645
0.812348
0.822222
0.826446
0.806791
0.837521
0.826987
0.823578
0.819524
0.829876
0.818852
0.823723
0.797287
0.805802
0.814694
0.809717
0.807103
0.820957
0.814332
0.813008
0.801766
0.815661
0.812348
0.814332
0.816993
0.803226
0.812348
0.821399
0.822076
0.826159
0.809562
0.814332
0.821399
0.81367
0.811535
0.820049
0.803055
0.823432
0.82713
0.819524
0.83236
0.818704
0.807754
0.821693
0.818852
0.814996
0.826987
0.802251
0.819376
0.791766
0.803701
0.826843
0.820049
0.809061
0.829876
0.810219
0.812042
0.827386
0.801766
0.835284
0.825083
0.810373
0.821018
0.800481
0.814996
0.825083
0.824402
0.820345
0.822754
0.827815
0.825476
0.801925
0.822076
0.834028
0.818852
0.814029
0.829187
0.818704
0.805645
0.814332
0.827815
0.822994
0.823578
0.810373
0.843038
0.807103
0.808907
0.81551
0.810373
0.796016
0.818182
0.812398
0.819001
0.823432
0.825764
0.832916
0.804523
0.826446
0.798085
0.815661
0.823723
0.807754
0.807103
0.829187
0.800481
0.818852
0.822076
0.808407
0.821693
0.818852
0.806452
0.821693
0.820049
0.816993
0.829876
0.813518
0.823723
0.77821
0.814332
0.809061
0.823045
0.820197
0.797448
0.816844
0.821693
0.818033
0.816844
0.821018
0.814996
0.823723
0.801282
0.827815
0.812348
0.805153
0.815876
0.817661
0.827672
0.816844
0.801925
0.807103
0.833333
0.797448
0.816993
0.807754
0.82713
0.810065
0.819672
0.809717
0.808907
0.811688
0.817661
0.831947
0.81551
0.811535
0.821546
0.825331
0.818331
0.809717
0.820871
0.79984
0.815661
0.819672
0.81551
0.812042
0.8325
0.824402
0.829187
0.809717
0.814181
0.807754
0.835146
0.806295
0.820049
0.823723
0.822076
0.815661
0.824402
0.838223
0.800641
0.822368
0.798722
0.806947
0.841043
0.822222
0.820197
0.817512
0.823578
0.824793
0.821693
0.821399
0.831255
0.816993
0.8325
0.821018
0.822368
0.823723
0.794281
0.821018
0.803859
0.813008
0.826303
0.826159
0.808407
0.814181
0.818555
0.821693
0.823045
0.833055
0.812704
0.8285
0.835422
0.80241
0.831667
0.81367
0.791766
0.826843
0.803701
0.803859
0.814332
0.805488
0.820197
0.813008
0.815661
0.811229
0.790182
0.805153
0.816844
0.824402
0.823045
0.812856
0.820345
0.811382
0.808407
0.824402
0.8
0.801282
0.816176
0.796488
0.808407
0.810373
0.820197
0.8229
0.800963
0.827386
0.8229
0.805645
0.814542
0.819901
0.819672
0.823432
0.823578
0.810373
0.830424
0.808907
0.811535
0.820197
0.812704
0.816176
0.815876
0.808907
0.808407
0.82713
0.816694
0.817661
0.84135
0.820871
0.818033
0.814996
0.82314
0.827815
0.813008
0.803213
0.816176
0.819524
0.821782
0.824938
0.820871
0.801925
0.814996
0.819672
0.841751
0.815661
0.821693
0.834725
0.808407
0.798085
0.819001
0.821018
0.821693
0.798878
0.810373
0.807287
0.834725
0.831255
0.81367
0.821018
0.813008
0.7992
0.797448
0.819001
0.829593
0.812551
0.819672
0.8285
0.809717
0.822368
0.824257
0.801282
0.828216
0.810373
0.817512
0.811688
0.804505
0.801606
0.819672
0.804505
0.820345
0.821018
0.811382
0.826446
0.812551
0.827815
0.815661
0.808907
0.808407
0.812348
0.82713
0.814996
0.816993
0.83612
0.813878
0.835284
0.813878
0.823578
0.806139
0.834725
0.827815
0.818331
0.808407
0.807103
0.818852
0.794913
0.802251
0.817661
0.814694
0.833194
0.825083
0.806452
0.838087
0.816993
0.813518
0.811688
0.815661
0.805802
0.819001
0.8
0.805802
0.826446
0.825764
0.813518
0.814332
0.819376
0.821693
0.804681
0.831807
0.808907
0.825764
0.809061
0.825764
0.826303
0.828358
0.811736
0.815661
0.807599
0.825083
0.813518
0.803859
0.808252
0.814332
0.807287
0.810877
0.808907
0.804505
0.812348
0.852515
0.823578
0.814181
0.806295
0.810723
0.822368
0.827815
0.813366
0.813008
0.813008
0.813518
0.820197
0.824112
0.809061
0.783699
0.799679
0.814181
0.809562
0.8325
0.814332
0.831255
0.798722
0.812348
0.821018
0.816327
0.82713
0.803701
0.815876
0.823723
0.822754
0.804996
0.822368
0.801282
0.811382
0.813008
0.822076
0.825764
0.802568
0.819672
0.82562
0.812551
0.798085
0.81103
0.813008
0.818033
0.831255
0.823723
0.834725
0.810877
0.823723
0.831667
0.811535
0.802568
0.812856
0.817661
0.807103
0.806452
0.825083
0.814332
0.825083
0.804839
0.818331
0.799361
0.830424
0.810219
0.821252
0.811688
0.819672
0.824793
0.805645
0.829734
0.824402
0.818033
0.803859
0.816993
0.801123
0.821546
0.831255
0.823723
0.816327
0.818852
0.814332
0.812704
0.806791
0.827815
0.829876
0.822368
0.800963
0.816993
0.81367
0.819524
0.806634
0.826987
0.820345
0.818704
0.809061
0.803859
0.801766
0.82713
0.810373
0.821018
0.814332
0.790974
0.826843
0.805645
0.814181
0.826446
0.809408
0.806139
0.808097
0.815661
0.829734
0.811889
0.816327
0.817213
0.805645
0.826303
0.814332
0.80419
0.816327
0.809911
0.818331
0.816993
0.804839
0.806452
0.821693
0.811688
0.825764
0.814332
0.822754
0.803213
0.825186
0.818331
0.794586
0.829187
0.834725
0.81367
0.828904
0.817661
0.831807
0.820724
0.812856
0.823045
0.82713
0.81367
0.817884
0.832639
0.820345
0.8285
0.829046
0.795545
0.818852
0.822368
0.818331
0.8285
0.811382
0.814694
0.807103
0.820871
0.808597
0.801282
0.818852
0.817512
0.822222
0.819672
0.82713
0.804996
0.821693
0.808752
0.825764
0.797448
0.8285
0.83389
0.825083
0.8229
0.814845
0.8229
0.809717
0.812704
0.820871
0.808407
0.828619
0.824402
0.823723
0.823045
0.834586
0.820197
0.829876
0.813008
0.814332
0.817884
0.815661
0.817363
0.813008
0.820197
0.824402
0.809717
0.818331
0.818033
0.818331
0.831255
0.823578
0.808252
0.824402
0.810723
0.83612
0.817661
0.821693
0.814845
0.811229
0.810219
0.808407
0.825083
0.81551
0.805645
0.816694
0.810569
0.8229
0.824648
0.833333
0.816026
0.81551
0.800963
0.826303
0.808907
0.803213
0.792393
0.806452
0.825083
0.79984
0.831807
0.810219
0.818331
0.816993
0.82562
0.809061
0.827672
0.820197
0.808252
0.808097
0.826446
0.800161
0.817363
0.826446
0.805802
0.83389
0.8
0.828216
0.827672
0.802896
0.822222
0.814996
0.809717
0.81367
0.813518
0.796651
0.818182
0.838791
0.803859
0.807103
0.809061
0.818852
0.813008
0.822368
0.812856
0.815359
0.806791
0.828358
0.819672
0.809717
0.821693
0.812195
0.831947
0.828904
0.818852
0.826015
0.822222
0.819001
0.820871
0.81551
0.810373
0.812348
0.817884
0.823045
0.812348
0.82562
0.821546
0.81367
0.819524
0.809061
0.820871
0.818331
0.834028
0.808752
0.818852
0.830283
0.806452
0.7984
0.825764
0.807754
0.802092
0.81367
0.802092
0.816026
0.7984
0.801282
0.82562
0.803055
0.805153
0.814181
0.79984
0.800481
0.821399
0.804032
0.81551
0.806452
0.81103
0.819376
0.828358
0.812856
0.801925
0.815661
0.831947
0.814694
0.803701
0.803213
0.807103
0.823045
0.813518
0.802568
0.795382
0.823045
0.834725
0.797923
0.799039
0.822368
0.817512
0.822368
0.822368
0.844332
0.825083
0.813008
0.833194
0.814996
0.815661
0.8229
0.821693
0.811535
0.821929
0.826446
0.810219
0.805802
0.820197
0.818331
0.834028
0.833194
0.806452
0.84246
0.818033
0.83612
0.819376
0.812195
0.8229
0.815661
0.819001
0.821252
0.818033
0.816844
0.830565
0.815661
0.810219
0.807103
0.819524
0.822754
0.840202
0.824257
0.830974
0.829187
0.817512
0.81367
0.812348
0.814332
0.81367
0.816327
0.81367
0.803859
0.804996
0.819672
0.822607
0.82713
0.824402
0.80419
0.825083
0.813008
0.828216
0.796813
0.812195
0.819001
0.813008
0.816176
0.818331
0.821693
0.816026
0.81367
0.817661
0.792857
0.808907
0.811688
0.810373
0.812704
0.824257
0.820871
0.823045
0.833194
0.815661
0.807599
0.813878
0.822368
0.821693
0.7984
0.814332
0.808407
0.820871
0.833333
0.830565
0.830424
0.806295
0.827815
0.820197
0.814181
0.819524
0.816544
0.82713
0.814332
0.824938
0.812348
0.819672
0.841043
0.807103
0.81367
0.809717
0.819524
0.814845
0.822222
0.811688
0.801606
0.813518
0.804996
0.796178
0.806452
0.830551
0.816694
0.818331
0.801925
0.814845
0.793651
0.817512
0.8285
0.82562
0.818331
0.8229
0.807103
0.815359
0.814996
0.817512
0.825764
0.815359
0.821693
0.816327
0.808252
0.820871
0.822368
0.795853
0.804505
0.797762
0.816026
0.806947
0.825764
0.8285
0.810219
0.811229
0.810877
0.816913
0.819672
0.811535
0.831115
0.816694
0.810219
0.821546
0.803859
0.800321
0.816993
0.83682
0.81367
0.810065
0.806634
0.835983
0.824402
0.831947
0.841751
0.790514
0.819001
0.827815
0.810877
0.829046
0.796178
0.819672
0.815359
0.820197
0.815661
0.809562
0.828358
0.8285
0.815661
0.822368
0.826303
0.824402
0.809717
0.825764
0.814332
0.821693
0.8229
0.814996
0.810065
0.819001
0.809717
0.803859
0.808407
0.803543
0.823723
0.819001
0.823967
0.812856
0.808597
0.800963
0.823045
0.836683
0.806452
0.805488
0.817661
0.816544
0.808407
0.81103
0.830283
0.810219
0.810373
0.815661
0.812348
0.824938
0.812348
0.820345
0.820345
0.821693
0.805802
0.818182
0.812856
0.803213
0.804505
0.817661
0.809562
0.808252
0.814996
0.824257
0.819672
0.816993
0.814996
0.806634
0.824112
0.811535
0.808252
0.808407
0.810569
0.805802
0.84317
0.803055
0.795382
0.832639
0.830974
0.821693
0.822222
0.820345
0.820197
0.824793
0.805982
0.819672
0.806139
0.826303
0.809408
0.820345
0.826987
0.818852
0.822368
0.823045
0.820345
0.8229
0.818331
0.812348
0.83389
0.825764
0.813008
0.825764
0.819376
0.81551
0.819672
0.803859
0.819672
0.825476
0.829187
0.802568
0.813366
0.809061
0.821693
0.817512
0.820197
0.811382
0.821693
0.823045
0.828358
0.823578
0.819672
0.807103
0.796178
0.807103
0.813008
0.814845
0.819672
0.814332
0.807599
0.802568
0.817363
0.804839
0.818331
0.822368
0.808752
0.807103
0.806452
0.813008
0.820197
0.824402
0.82713
0.823578
0.819672
0.820345
0.798085
0.824112
0.823723
0.810065
0.818852
0.825083
0.817661
0.812348
0.820871
0.814181
0.81551
0.824402
0.814694
0.813214
0.804505
0.821693
0.805982
0.827672
0.825083
0.806139
0.816993
0.814332
0.807754
0.845893
0.824112
0.829593
0.829187
0.812348
0.823045
0.816993
0.819001
0.816694
0.808097
0.820049
0.814029
0.803859
0.792693
0.804505
0.818182
0.831115
0.809562
0.807754
0.816544
0.800481
0.814181
0.830565
0.811688
0.791601
0.804348
0.820724
0.805153
0.818704
0.800641
0.811688
0.813008
0.829734
0.80241
0.833333
0.814694
0.825764
0.815661
0.832639
0.814181
0.821929
0.812348
0.81551
0.803701
0.814845
0.800481
0.798561
0.816844
0.825764
0.807599
0.812856
0.819001
0.818331
0.822076
0.825764
0.825764
0.824648
0.810877
0.813008
0.820871
0.821546
0.811688
0.809061
0.816327
0.818852
0.801766
0.803213
0.814845
0.828073
0.819524
0.823432
0.829187
0.796016
0.831255
0.816993
0.821693
0.811688
0.802896
0.814332
0.822461
0.813518
0.828761
0.814181
0.821018
0.803543
0.829167
0.802896
0.821018
0.813008
0.809562
0.83389
0.819376
0.798085
0.826446
0.833751
0.813008
0.815359
0.810219
0.835983
0.8
0.819001
0.814996
0.81103
0.821018
0.826446
0.800481
0.807754
0.822461
0.822368
0.804505
0.810723
0.81103
0.819228
0.829734
0.813518
0.814845
0.829046
0.81103
0.831255
0.803859
0.836683
0.84317
0.800963
0.822368
0.840775
0.817363
0.800481
0.800481
0.825083
0.828216
0.814694
0.814332
0.816176
0.803859
0.8285
0.813518
0.82562
0.820871
0.801606
0.824402
0.817661
0.799361
0.814029
0.796488
0.809717
0.810877
0.804996
0.809061
0.809061
0.815661
0.812856
0.807754
0.812042
0.823821
0.834028
0.823045
0.807754
0.819001
0.8325
0.822222
0.823578
0.822368
0.801766
0.814542
0.83682
0.820724
0.822368
0.819001
0.806947
0.828358
0.805802
0.804996
0.826843
0.811535
0.814332
0.815661
0.816176
0.825764
0.819228
0.826159
0.845309
0.812195
0.812348
0.824938
0.82713
0.808407
0.814029
0.803055
0.827529
0.793651
0.816176
0.827815
0.819001
0.818331
0.825764
0.814029
0.822368
0.819672
0.819001
0.809253
0.8229
0.826987
0.821399
0.802896
0.809061
0.793021
0.812856
0.8285
0.800963
0.813518
0.819672
0.823723
0.804505
0.818182
0.817884
0.821018
0.808407
0.82562
0.823723
0.803213
0.819524
0.808907
0.826987
0.823723
0.831255
0.819672
0.809061
0.824793
0.806947
0.816176
0.819672
0.809253
0.823045
0.822222
0.831255
0.817884
0.837951
0.820724
0.812195
0.80241
0.816176
0.821018
0.8325
0.822368
0.819672
0.822222
0.807599
0.821693
0.805802
0.805802
0.808407
0.819753
0.808407
0.827815
0.816993
0.8229
0.82713
0.831947
0.819672
0.814845
0.819672
0.830565
0.823821
0.823723
0.803859
0.823578
0.821546
0.819524
0.804996
0.818182
0.797287
0.834028
0.818852
0.832639
0.821546
0.811688
0.831947
0.810373
0.812042
0.813518
0.823723
0.811688
0.818182
0.810373
0.815661
0.81551
0.819672
0.811229
0.810219
0.820871
0.821929
0.823045
0.821693
0.819001
0.807443
0.83389
0.834725
0.8325
0.819001
0.823432
0.833194
0.819001
0.805331
0.811535
0.833194
0.831807
0.831807
0.811382
0.816694
0.8229
0.833612
0.834028
0.822754
0.818182
0.802568
0.837385
0.802568
0.805488
0.821399
0.821546
0.811688
0.812348
0.807443
0.801123
0.811535
0.803213
0.824257
0.814845
0.809717
0.819672
0.817363
0.81367
0.831255
0.807103
0.817661
0.812195
0.835422
0.822222
0.834725
0.830565
0.810219
0.824112
0.827672
0.821693
0.806295
0.809061
0.798878
0.810373
0.811382
0.807599
0.800481
0.804348
0.818033
0.812348
0.820345
0.809717
0.820345
0.823045
0.815661
0.819672
0.806452
0.821546
0.824648
0.809717
0.812348
0.815661
0.82562
0.83909
0.814996
0.847458
0.820871
0.801282
0.821018
0.822222
0.817661
0.817661
0.812856
0.814332
0.821018
0.805153
0.823045
0.796016
0.809061
0.806295
0.810877
0.816694
0.81551
0.804996
0.812348
0.817512
0.796813
0.823578
0.829734
0.821105
0.804505
0.815209
0.822607
0.814845
0.821546
0.799361
0.81367
0.824648
0.820049
0.825476
0.813008
0.813518
0.830833
0.835708
0.830974
0.824402
0.810065
0.829046
0.814996
0.791139
0.813518
0.809562
0.81103
0.796651
0.817661
0.821782
0.833055
0.824257
0.831255
0.818852
0.814332
0.822368
0.822754
0.809061
0.822222
0.816694
0.808407
0.823045
0.829876
0.823723
0.808907
0.798085
0.806947
0.821018
0.819524
0.810373
0.820345
0.811382
0.816176
0.819001
0.8325
0.793651
0.824257
0.83612
0.805802
0.821546
0.82713
0.812042
0.826159
0.812856
0.824257
0.814332
0.823723
0.802896
0.831255
0.804505
0.815661
0.822368
0.813518
0.806452
0.805802
0.801282
0.825083
0.805802
0.807599
0.812348
0.824402
0.828904
0.809717
0.8229
0.811229
0.824793
0.824112
0.800641
0.834586
0.815661
0.827815
0.825764
0.83612
0.807754
0.820576
0.808407
0.824938
0.819672
0.830424
0.824112
0.796488
0.814181
0.806295
0.835983
0.808752
0.796813
0.822368
0.830974
0.798561
0.822754
0.809061
0.834448
0.822368
0.81103
0.806452
0.820871
0.812856
0.812348
0.825764
0.805982
0.813008
0.817884
0.824402
0.811688
0.827672
0.815661
0.816844
0.821399
0.800321
0.81367
0.804505
0.801282
0.810921
0.83682
0.796651
0.801606
0.816694
0.81103
0.810723
0.813008
0.822222
0.825083
0.817661
0.808442
0.817512
0.824257
0.823723
0.813008
0.814332
0.816176
0.8285
0.8229
0.825331
0.809408
0.830424
0.809717
0.812042
0.814845
0.818555
0.807599
0.820724
0.825083
0.829187
0.808407
0.823578
0.826159
0.823723
0.795545
0.809717
0.818331
0.823723
0.828358
0.825764
0.816844
0.829187
0.822607
0.829734
0.817661
0.812551
0.803701
0.821546
0.802568
0.81103
0.7992
0.829876
0.810219
0.811889
0.815661
0.805174
0.816327
0.818852
0.829876
0.820576
0.826987
0.821546
0.813214
0.814029
0.815209
0.823045
0.815661
0.812195
0.816176
0.820345
0.806139
0.808252
0.794422
0.822368
0.805153
0.811889
0.81103
0.812856
0.801925
0.796813
0.816327
0.811535
0.802568
0.81103
0.821018
0.816544
0.812195
0.818331
0.826446
0.802896
0.807103
0.797287
0.823967
0.82713
0.813518
0.818555
0.807754
0.824938
0.818182
0.813518
0.814996
0.809061
0.81367
0.812348
0.808752
0.819672
0.810065
0.806947
0.826987
0.804505
0.818331
0.825083
0.829876
0.819376
0.809717
0.801282
0.808097
0.816327
0.816993
0.831115
0.814996
0.803874
0.825764
0.82562
0.813518
0.809717
0.810373
0.832776
0.7992
0.807754
0.810877
0.815661
0.820197
0.809717
0.814996
0.80241
0.831947
0.821546
0.818704
0.815725
0.801925
0.806295
0.81551
0.8
0.810373
0.788022
0.813008
0.810877
0.839631
0.802896
0.819672
0.816694
0.816327
0.816026
0.820197
0.816026
0.815661
0.807103
0.824402
0.805802
0.818852
0.801282
0.834586
0.821693
0.814845
0.827815
0.823578
0.808097
0.804505
0.814332
0.807754
0.802568
0.817661
0.822368
0.811535
0.816844
0.790974
0.820345
0.811688
0.810723
0.826843
0.827672
0.817661
0.801606
0.808907
0.813366
0.815661
0.818182
0.837385
0.810569
0.803859
0.825764
0.818033
0.820197
0.821546
0.823045
0.828358
0.802579
0.82562
0.811535
0.821018
0.812348
0.823723
0.817363
0.821693
0.813366
0.795545
0.811382
0.806452
0.814332
0.812348
0.82713
0.8325
0.818331
0.816993
0.809061
0.822754
0.836683
0.835146
0.816993
0.808252
0.806295
0.797287
0.814181
0.809717
0.8
0.81367
0.816026
0.818331
0.818331
0.812856
0.81551
0.828761
0.814996
0.809253
0.823723
0.819001
0.812348
0.824257
0.820049
0.807103
0.811688
0.818033
0.818852
0.815661
0.819376
0.819524
0.82713
0.83682
0.810219
0.818331
0.79984
0.803213
0.826446
0.823045
0.819001
0.818852
0.831255
0.819672
0.803055
0.814181
0.816694
0.814029
0.823578
0.780297
0.823432
0.803055
0.821018
0.820345
0.824402
0.813366
0.812348
0.819001
0.827815
0.800963
0.801925
0.818555
0.812348
0.802568
0.808407
0.814845
0.814996
0.820345
0.81367
0.822222
0.818555
0.820049
0.803701
0.803859
0.813008
0.821546
0.824112
0.807599
0.819672
0.81367
0.794913
0.823723
0.805802
0.8285
0.816026
0.803701
0.835422
0.816993
0.804348
0.803859
0.826303
0.816327
0.816694
0.833055
0.823432
0.822076
0.822754
0.827815
0.828358
0.814181
0.818331
0.809061
0.816176
0.824257
0.816327
0.797762
0.820871
0.823578
0.823723
0.829046
0.812856
0.825083
0.818704
0.816026
0.818331
0.801282
0.824257
0.814181
0.805802
0.831255
0.805982
0.825083
0.813008
0.83612
0.811382
0.82713
0.8229
0.824402
0.812348
0.81103
0.811382
0.81367
0.8
0.807599
0.817884
0.820049
0.814845
0.827672
0.806634
0.813008
0.815359
0.816694
0.831255
0.821399
0.822368
0.798085
0.825764
0.812195
0.816176
0.820345
0.821018
0.810065
0.829046
0.806452
0.801282
0.827815
0.834028
0.805802
0.804505
0.808907
0.806975
0.811688
0.797448
0.814332
0.806634
0.824938
0.814996
0.837951
0.826987
0.824257
0.814845
0.82562
0.816694
0.800641
0.809562
0.830424
0.828358
0.823045
0.82562
0.828358
0.807942
0.818182
0.81103
0.814996
0.814332
0.813008
0.814845
0.817213
0.82562
0.812348
0.816993
0.809061
0.816327
0.801282
0.793651
0.812348
0.835284
0.824793
0.809408
0.824402
0.808407
0.822368
0.81367
0.816176
0.824938
0.807599
0.817363
0.825083
0.8267
0.821693
0.824793
0.810569
0.800481
0.809717
0.825476
0.821018
0.830565
0.824402
0.811535
0.825083
0.81103
0.823045
0.809061
0.816844
0.830565
0.84674
0.814845
0.822076
0.810373
0.806791
0.824938
0.818704
0.826446
0.825083
0.816993
0.800321
0.826303
0.841618
0.809717
0.810373
0.819672
0.829734
0.810877
0.814845
0.804505
0.808252
0.822222
0.825764
0.793651
0.816844
0.814845
0.817512
0.821546
0.804505
0.796488
0.814332
0.798722
0.829046
0.820197
0.824257
0.831807
0.820345
0.835284
0.827386
0.820049
0.796488
0.841618
0.849618
0.814181
0.83612
0.823432
0.844595
0.826159
0.814181
0.826303
0.816176
0.811229
0.82713
0.822222
0.829187
0.798722
0.823432
0.822222
0.825764
0.815661
0.81103
0.807287
0.814845
0.796016
0.820724
0.831807
0.828761
0.828358
0.819001
0.811382
0.778816
0.805802
0.819376
0.819524
0.810877
0.818704
0.801282
0.831526
0.81367
0.814332
0.814181
0.808252
0.808252
0.820197
0.810373
0.819901
0.805802
0.813008
0.829187
0.813008
0.814845
0.802568
0.840202
0.825764
0.816176
0.835422
0.793021
0.830974
0.818852
0.80241
0.812195
0.810065
0.818033
0.83
0.821018
0.821693
0.821546
0.839496
0.817661
0.81551
0.807287
0.807287
0.812042
0.818555
0.814332
0.811688
0.809717
0.831807
0.81551
0.821693
0.81103
0.821018
0.817661
0.816393
0.832639
0.821693
0.801282
0.831947
0.801606
0.824793
0.807103
0.812195
0.804996
0.803384
0.816844
0.792393
0.811688
0.807103
0.814332
0.830142
0.81103
0.814845
0.827815
0.810373
0.821693
0.812856
0.839631
0.827815
0.824112
0.818331
0.830974
0.816694
0.826987
0.805802
0.82713
0.809562
0.814996
0.830283
0.823723
0.831255
0.814181
0.801282
0.801766
0.809061
0.818033
0.828073
0.809562
0.820197
0.812042
0.804996
0.826446
0.819524
0.818331
0.823045
0.81103
0.812348
0.810065
0.818331
0.815661
0.814845
0.816993
0.823432
0.817661
0.806295
0.805802
0.803055
0.807599
0.806478
0.812856
0.806295
0.816176
0.806452
0.816026
0.818331
0.808407
0.828761
0.814694
0.814996
0.822368
0.81103
0.820345
0.82314
0.817512
0.803213
0.826303
0.81367
0.812856
0.812348
0.812348
0.814029
0.797923
0.824402
0.814996
0.810373
0.814694
0.833333
0.814996
0.8
0.811688
0.808407
0.810373
0.798561
0.825083
0.800641
0.816993
0.81551
0.821018
0.836547
0.812856
0.820197
0.834028
0.807103
0.830565
0.808407
0.804996
0.80419
0.821018
0.821693
0.814694
0.819672
0.814332
0.817512
0.82713
0.799679
0.829046
0.819376
0.808252
0.800641
0.810877
0.816176
0.812348
0.806478
0.820724
0.823432
0.822368
0.807599
0.823967
0.822607
0.827815
0.81103
0.798722
0.7984
0.824402
0.820871
0.805982
0.801282
0.796813
0.827815
0.825083
0.835983
0.824648
0.801123
0.814996
0.814845
0.811535
0.82562
0.826987
0.816993
0.831947
0.812195
0.815359
0.812704
0.830565
0.817661
0.801282
0.81103
0.839226
0.814996
0.813008
0.821018
0.816176
0.829451
0.811535
0.81103
0.831947
0.821693
0.812348
0.818331
0.81103
0.82713
0.827672
0.805825
0.816694
0.81103
0.824112
0.80241
0.809601
0.808907
0.822754
0.803055
0.808252
0.829046
0.807754
0.823723
0.812348
0.807103
0.799679
0.828904
0.819672
0.833333
0.816694
0.823045
0.819672
0.803213
0.801282
0.8285
0.810723
0.796651
0.810219
0.804505
0.808597
0.807103
0.811382
0.826159
0.822222
0.818852
0.820345
0.796488
0.808407
0.816544
0.809408
0.811736
0.838655
0.808252
0.816176
0.821018
0.816176
0.826446
0.81551
0.81367
0.842327
0.804348
0.814332
0.826303
0.820871
0.810373
0.831115
0.813366
0.804505
0.815661
0.822368
0.819672
0.832639
0.814181
0.822222
0.805802
0.800641
0.822076
0.822368
0.82713
0.807599
0.814029
0.820049
0.818182
0.826303
0.818182
0.824112
0.815209
0.812348
0.829593
0.795545
0.81103
0.814181
0.804996
0.800641
0.815661
0.829734
0.816694
0.815359
0.822368
0.804505
0.816993
0.8
0.84246
0.803859
0.806452
0.811535
0.822368
0.826843
0.811535
0.819001
0.820197
0.817363
0.820345
0.815661
0.817661
0.810877
0.811688
0.815661
0.829876
0.819001
0.817512
0.820345
0.806452
0.829734
0.805645
0.810219
0.808252
0.812704
0.825083
0.810065
0.816176
0.819001
0.801925
0.823723
0.818331
0.8229
0.831667
0.830424
0.821546
0.806295
0.822368
0.816993
0.795545
0.831807
0.814181
0.81103
0.821018
0.826446
0.812042
0.807103
0.817512
0.797287
0.82713
0.8442
0.812042
0.83431
0.8285
0.815359
0.817363
0.813518
0.814181
0.821018
0.812348
0.821399
0.805982
0.806947
0.816993
0.818704
0.818852
0.809717
0.830974
0.807599
0.800161
0.800641
0.813008
0.816327
0.820724
0.809717
0.813518
0.816844
0.796178
0.822222
0.809562
0.81103
0.838926
0.797125
0.830283
0.798561
0.815661
0.803859
0.819524
0.81367
0.816844
0.827672
0.821693
0.802568
0.810373
0.846024
0.820197
0.818182
0.803543
0.808907
0.821399
0.816176
0.804505
0.831947
0.814996
0.806295
0.813008
0.823432
0.825764
0.821018
0.812856
0.813008
0.82713
0.81367
0.814181
0.808597
0.811688
0.802251
0.822368
0.832639
0.820049
0.816327
0.819524
0.824257
0.830833
0.814996
0.821018
0.804505
0.805645
0.825764
0.812348
0.800641
0.816176
0.81103
0.827815
0.816327
0.81551
0.812348
0.831255
0.812856
0.814996
0.835422
0.807443
0.821018
0.839631
0.828619
0.81103
0.810569
0.807103
0.82713
0.809061
0.818331
0.800321
0.809061
0.838926
0.816993
0.804032
0.824257
0.825083
0.833333
0.812195
0.814181
0.813008
0.829187
0.809061
0.810219
0.825764
0.801123
0.809717
0.812704
0.809061
0.820724
0.806452
0.791139
0.829187
0.831255
0.820197
0.825764
0.814332
0.816993
0.819524
0.809562
0.824938
0.798085
0.821693
0.814996
0.807754
0.799361
0.821546
0.814996
0.796016
0.838791
0.827529
0.823578
0.816327
0.815876
0.813008
0.809717
0.819001
0.802251
0.82713
0.804505
0.823967
0.825083
0.808407
0.801925
0.818331
0.822754
0.831947
0.82562
0.846024
0.811382
0.817661
0.8229
0.810065
0.845763
0.79984
0.805153
0.812195
0.834725
0.814996
0.809717
0.814181
0.814181
0.812348
0.808907
0.820345
0.837385
0.818555
0.816327
0.821252
0.806295
0.824257
0.823432
0.829876
0.824402
0.820871
0.803213
0.828358
0.790514
0.812348
0.822222
0.81551
0.794913
0.820345
0.808097
0.809562
0.816393
0.818704
0.825764
0.81103
0.821693
0.823723
0.817512
0.815359
0.808407
0.812348
0.810373
0.801766
0.818852
0.801925
0.825083
0.807754
0.819001
0.809061
0.823578
0.825083
0.824938
0.838087
0.825764
0.819672
0.802568
0.824257
0.8285
0.819524
0.822754
0.804505
0.815661
0.809408
0.814996
0.792393
0.826303
0.819001
0.813008
0.816176
0.821929
0.814332
0.813366
0.808252
0.814181
0.817661
0.828358
0.830424
0.807942
0.803055
0.829593
0.816327
0.821693
0.81103
0.800963
0.809408
0.824938
0.819672
0.820049
0.809061
0.828216
0.829734
0.830424
0.804348
0.814845
0.827529
0.828216
0.820345
0.829046
0.819672
0.820871
0.826987
0.83682
0.827386
0.806452
0.83682
0.8229
0.816327
0.801766
0.804032
0.811382
0.810373
0.814332
0.821693
0.822368
0.822076
0.812551
0.824402
0.814845
0.831115
0.800481
0.816993
0.820724
0.811535
0.814845
0.821018
0.812348
0.815661
0.801447
0.814694
0.803543
0.82713
0.807103
0.809717
0.814029
0.807599
0.810723
0.834028
0.834586
0.824257
0.803213
0.820724
0.8
0.816993
0.801766
0.814996
0.818852
0.819672
0.803543
0.82713
0.8285
0.811382
0.808907
0.824402
0.810373
0.814996
0.830565
0.807599
0.826303
0.835422
0.797448
0.822076
0.805153
0.805802
0.803859
0.819001
0.824257
0.826303
0.803213
0.818331
0.803859
0.830565
0.819001
0.804505
0.814996
0.826987
0.815661
0.824793
0.821546
0.8285
0.823578
0.823723
0.809061
0.831807
0.81103
0.820197
0.817512
0.819524
0.807103
0.808907
0.805153
0.816844
0.839631
0.820345
0.816026
0.806295
0.800481
0.810877
0.825476
0.818331
0.816176
0.808407
0.820871
0.810373
0.816993
0.804505
0.824938
0.812195
0.824402
0.819672
0.811535
0.806947
0.809717
0.830424
0.816694
0.805802
0.790348
0.810921
0.829187
0.804996
0.807599
0.826303
0.800641
0.823045
0.827529
0.787234
0.81103
0.797923
0.834028
0.816993
0.817363
0.822076
0.810569
0.811382
0.820345
0.828073
0.807754
0.817884
0.820197
0.805153
0.805802
0.803859
0.829187
0.81103
0.839496
0.823045
0.806452
0.814996
0.828358
0.798239
0.819672
0.807754
0.814845
0.806947
0.821693
0.826446
0.798717
0.83
0.809717
0.810877
0.809911
0.829593
0.812348
0.816327
0.815661
0.822222
0.824402
0.829876
0.814542
0.805802
0.805802
0.803213
0.798085
0.815661
0.817512
0.81103
0.811382
0.81367
0.8229
0.806452
0.816993
0.808907
0.807599
0.824938
0.811688
0.820197
0.793651
0.813518
0.81367
0.83389
0.820345
0.818033
0.823723
0.810219
0.812348
0.834725
0.819001
0.808907
0.840202
0.813008
0.836683
0.814694
0.818182
0.824938
0.825083
0.823045
0.821693
0.822368
0.808407
0.824402
0.811688
0.798085
0.816327
0.8325
0.805802
0.825764
0.822076
0.824112
0.799679
0.803055
0.816176
0.82713
0.816176
0.816327
0.829734
0.806452
0.808752
0.816176
0.806947
0.806452
0.818331
0.803213
0.813366
0.811688
0.796813
0.831947
0.823045
0.803055
0.823045
0.81551
0.825083
0.821018
0.822461
0.820724
0.819672
0.798722
0.823432
0.827672
0.806791
0.81551
0.819001
0.8325
0.79984
0.827672
0.820197
0.806452
0.821399
0.822222
0.819001
0.824938
0.805153
0.808907
0.820871
0.812551
0.816993
0.808407
0.818182
0.821546
0.814996
0.821018
0.824938
0.801925
0.818182
0.826987
0.817661
0.826303
0.811688
0.819001
0.828904
0.818331
0.82713
0.820871
0.826446
0.819524
0.809562
0.816327
0.820345
0.834032
0.819524
0.825764
0.809061
0.818033
0.81103
0.823578
0.812348
0.833751
0.818033
0.808097
0.7984
0.805645
0.814332
0.823723
0.833333
0.829187
0.813725
0.807754
0.808252
0.808407
0.796178
0.813366
0.821693
0.823045
0.801766
0.829187
0.802568
0.808252
0.819524
0.819672
0.805153
0.834586
0.839631
0.826303
0.818331
0.790514
0.825083
0.807443
0.825476
0.829876
0.812704
0.82713
0.825764
0.819001
0.812856
0.824112
0.820345
0.825083
0.796962
0.814845
0.814181
0.808407
0.822222
0.810373
0.821693
0.814181
0.814996
0.816993
0.809061
0.816993
0.808752
0.821399
0.819001
0.819001
0.796813
0.814332
0.831947
0.819001
0.829187
0.831255
0.807599
0.804348
0.805802
0.821252
0.812348
0.831947
0.825083
0.816176
0.815209
0.811382
0.834725
0.822222
0.8
0.816544
0.794281
0.800481
0.818331
0.822368
0.823723
0.8229
0.809061
0.804348
0.807754
0.810877
0.803701
0.81103
0.81551
0.816993
0.821693
0.806452
0.811688
0.794913
0.830565
0.826446
0.833194
0.834725
0.799361
0.820576
0.796813
0.823578
0.819672
0.825083
0.841618
0.818033
0.814845
0.806139
0.819672
0.822754
0.820197
0.83236
0.814996
0.804348
0.824402
0.82793
0.810723
0.810877
0.826987
0.816026
0.822076
0.818331
0.825764
0.815359
0.822754
0.813518
0.820345
0.817661
0.823045
0.805802
0.805645
0.821546
0.81367
0.812348
0.795545
0.822076
0.802568
0.814845
0.823723
0.8285
0.822222
0.821018
0.826303
0.818852
0.827815
0.813878
0.805488
0.820345
0.826159
0.820345
0.829734
0.804996
0.827672
0.822368
0.826446
0.821018
0.795219
0.826446
0.821693
0.810373
0.807103
0.808407
0.816176
0.817661
0.816993
0.7992
0.821782
0.837521
0.821782
0.819524
0.807103
0.819001
0.816327
0.807103
0.801282
0.816327
0.8285
0.793487
0.821782
0.816176
0.821018
0.838655
0.804505
0.818555
0.803543
0.798722
0.824402
0.809911
0.809717
0.818182
0.823432
0.805645
0.812348
0.820345
0.821018
0.810723
0.823723
0.80241
0.813008
0.820197
0.835284
0.820345
0.823578
0.813366
0.810065
0.837248
0.799039
0.813518
0.801925
0.816327
0.807754
0.815661
0.801925
0.818704
0.824402
0.803384
0.824503
0.824112
0.813366
0.807287
0.814181
0.813008
0.809717
0.805802
0.814181
0.840775
0.811075
0.809717
0.813008
0.820049
0.826987
0.829876
0.833333
0.825764
0.812704
0.825083
0.807103
0.830565
0.811229
0.824793
0.814332
0.839496
0.799361
0.799039
0.814845
0.807287
0.811229
0.81367
0.819001
0.809717
0.81367
0.827386
0.821693
0.804505
0.824402
0.834586
0.810373
0.810373
0.820197
0.811688
0.812348
0.815876
0.794281
0.831255
0.804348
0.82713
0.813008
0.81367
0.83389
0.823723
0.834028
0.818704
0.809717
0.811535
0.823723
0.817661
0.824402
0.827672
0.818331
0.821399
0.819001
0.8229
0.812195
0.816694
0.832639
0.818033
0.807754
0.808752
0.8285
0.827815
0.832639
0.809562
0.81551
0.812195
0.801606
0.812348
0.82713
0.802568
0.816327
0.816026
0.826303
0.810373
0.804996
0.829593
0.815359
0.810373
0.829593
0.813008
0.827386
0.818331
0.808907
0.810373
0.807103
0.818331
0.824938
0.821018
0.814029
0.824793
0.827815
0.833612
0.806452
0.823967
0.821929
0.804505
0.823578
0.822368
0.816327
0.808407
0.816993
0.82314
0.803701
0.825083
0.814845
0.806947
0.823723
0.835422
0.82562
0.814332
0.81367
0.809061
0.804839
0.826843
0.816993
0.813008
0.826987
0.810373
0.814996
0.822222
0.819001
0.822368
0.800963
0.809408
0.83612
0.821105
0.807443
0.820345
0.811535
0.823045
0.823045
0.807754
0.805153
0.807754
0.81367
0.811688
0.819672
0.809253
0.808907
0.808907
0.7984
0.823578
0.81551
0.824257
0.812042
0.833194
0.791766
0.815359
0.805153
0.83389
0.808252
0.834725
0.826303
0.816327
0.820049
0.809408
0.813008
0.801282
0.819001
0.8285
0.804839
0.821018
0.830283
0.79984
0.803859
0.830424
0.818555
0.82562
0.808907
0.809061
0.806452
0.798239
0.811688
0.814181
0.813008
0.821693
0.816327
0.80241
0.809408
0.814332
0.798085
0.800641
0.829046
0.821929
0.831115
0.801282
0.807599
0.814996
0.814332
0.818182
0.819901
0.803859
0.8229
0.812856
0.819001
0.816327
0.810065
0.814332
0.809061
0.807103
0.809717
0.828358
0.830565
0.812856
0.816694
0.809717
0.822754
0.824402
0.810373
0.820345
0.803055
0.812704
0.831115
0.810219
0.812195
0.810219
0.815661
0.814694
0.814332
0.798722
0.794281
0.817661
0.805153
0.808597
0.813008
0.801282
0.817661
0.832639
0.82713
0.812195
0.8325
0.821693
0.825083
0.822076
0.814996
0.819672
0.819376
0.819001
0.810219
0.820049
0.821399
0.813518
0.831807
0.816993
0.83682
0.817661
0.818704
0.804996
0.808752
0.810065
0.827815
0.803859
0.812856
0.841751
0.804348
0.805153
0.814694
0.829046
0.809562
0.793651
0.834028
0.816544
0.821018
0.821693
0.817363
0.829046
0.829187
0.831947
0.815661
0.833194
0.807287
0.805153
0.804996
0.816844
0.806295
0.803859
0.823045
0.814996
0.814332
0.829046
0.822222
0.809717
0.81103
0.805802
0.812856
0.826446
0.819524
0.811688
0.808097
0.820345
0.817363
0.810373
0.824402
0.825083
0.819672
0.812348
0.817661
0.820576
0.822754
0.820345
0.824938
0.818704
0.822368
0.799361
0.819672
0.823578
0.804348
0.803701
0.812195
0.817661
0.813008
0.826446
0.824938
0.807754
0.81367
0.829876
0.829187
0.823045
0.818331
0.819524
0.815661
0.821018
0.813518
0.813214
0.830974
0.821693
0.81551
0.7976
0.819376
0.823045
0.817661
0.813008
0.822222
0.807103
0.816694
0.81551
0.815359
0.829451
0.816844
0.831115
0.815661
0.816176
0.819524
0.829046
0.817512
0.812348
0.829734
0.828216
0.829876
0.806295
0.818331
0.789723
0.831807
0.824402
0.818852
0.817661
0.804505
0.816327
0.809061
0.817512
0.818182
0.824402
0.826843
0.834725
0.807942
0.819001
0.812348
0.806634
0.809408
0.833055
0.816844
0.813008
0.80241
0.812704
0.826446
0.815661
0.804681
0.816993
0.804505
0.825083
0.817512
0.797762
0.803055
0.828358
0.833194
0.825476
0.808407
0.819001
0.822754
0.829187
0.807103
0.807103
0.813008
0.801766
0.807103
0.808407
0.805645
0.817661
0.807103
0.824648
0.81367
0.8229
0.81103
0.826159
0.802568
0.809562
0.809562
0.811229
0.827529
0.81103
0.812704
0.824402
0.818852
0.804996
0.821546
0.814845
0.817661
0.823723
0.81367
0.803859
0.816844
0.837521
0.818033
0.804348
0.815359
0.814332
0.805802
0.812348
0.823045
0.817661
0.818331
0.830974
0.806295
0.802568
0.823045
0.820345
0.796962
0.808407
0.826159
0.81103
0.808252
0.812704
0.814332
0.833194
0.807103
0.821546
0.814332
0.810219
0.825764
0.843882
0.814332
0.806634
0.820345
0.818852
0.812856
0.822754
0.808597
0.834586
0.812348
0.807599
0.81551
0.825764
0.820197
0.835422
0.792693
0.822368
0.820345
0.828216
0.806295
0.829876
0.824257
0.811535
0.807103
0.807754
0.806452
0.808907
0.818331
0.814332
0.813008
0.816694
0.807754
0.82562
0.832639
0.796813
0.803384
0.807443
0.818182
0.806634
0.816327
0.808752
0.818852
0.822222
0.817363
0.804839
0.806452
0.802568
0.812348
0.835708
0.810373
0.807103
0.818033
0.816844
0.796016
0.801123
0.827386
0.806452
0.803213
0.805982
0.792393
0.823045
0.803213
0.816694
0.807443
0.821546
0.814029
0.844595
0.821929
0.824938
0.829046
0.823045
0.809408
0.8285
0.811382
0.831255
0.7992
0.823045
0.814996
0.824402
0.830565
0.833333
0.817884
0.816026
0.82713
0.816844
0.821018
0.822368
0.824938
0.822368
0.825764
0.820724
0.827386
0.82713
0.819376
0.81367
0.82713
0.823432
0.807103
0.823723
0.820345
0.818182
0.804348
0.823432
0.801925
0.810373
0.815661
0.825083
0.821693
0.816327
0.823723
0.812195
0.813008
0.830565
0.816327
0.822607
0.805153
0.825764
0.823578
0.815661
0.819001
0.806452
0.823723
0.826303
0.814996
0.825764
0.820345
0.810569
0.816176
0.831947
0.810373
0.819672
0.819672
0.835983
0.804505
0.815209
0.811688
0.813214
0.833194
0.808907
0.822222
0.802568
0.838926
0.786446
0.815359
0.814181
0.812856
0.831526
0.807754
0.801925
0.815661
